ndx:	HR:MN:SC:1/128s:	x:	y:	z:
0,	00:00:00:094,	116,	58,	218
1,	00:00:00:095,	121,	63,	234
2,	00:00:00:095,	119,	62,	232
3,	00:00:00:095,	119,	63,	227
4,	00:00:00:095,	115,	61,	236
5,	00:00:00:095,	115,	64,	234
6,	00:00:00:095,	111,	58,	238
7,	00:00:00:095,	114,	61,	230
8,	00:00:00:095,	122,	57,	241
9,	00:00:00:095,	121,	58,	237
10,	00:00:00:095,	117,	64,	237
11,	00:00:00:095,	115,	63,	240
12,	00:00:00:095,	109,	67,	236
13,	00:00:00:095,	112,	58,	241
14,	00:00:00:095,	103,	53,	231
15,	00:00:00:095,	94,	51,	223
16,	00:00:00:097,	90,	44,	228
17,	00:00:00:097,	91,	37,	223
18,	00:00:00:097,	100,	34,	218
19,	00:00:00:097,	95,	31,	227
20,	00:00:00:097,	94,	36,	225
21,	00:00:00:097,	107,	35,	233
22,	00:00:00:097,	94,	38,	224
23,	00:00:00:098,	96,	51,	227
24,	00:00:00:098,	102,	54,	222
25,	00:00:00:098,	100,	55,	233
26,	00:00:00:098,	99,	58,	233
27,	00:00:00:098,	99,	60,	231
28,	00:00:00:098,	100,	62,	233
29,	00:00:00:098,	96,	61,	246
30,	00:00:00:098,	91,	64,	239
31,	00:00:00:098,	91,	64,	246
32,	00:00:00:098,	87,	66,	248
33,	00:00:00:099,	45,	52,	260
34,	00:00:00:099,	40,	43,	260
35,	00:00:00:099,	44,	37,	261
36,	00:00:00:099,	42,	35,	259
37,	00:00:00:099,	45,	36,	257
38,	00:00:00:099,	45,	36,	252
39,	00:00:00:099,	45,	37,	253
40,	00:00:00:099,	42,	37,	252
41,	00:00:00:099,	45,	34,	254
42,	00:00:00:099,	50,	35,	250
43,	00:00:00:099,	46,	35,	250
44,	00:00:00:099,	44,	35,	250
45,	00:00:00:099,	44,	39,	253
46,	00:00:00:099,	47,	36,	252
47,	00:00:00:099,	44,	38,	254
48,	00:00:00:099,	49,	36,	250
49,	00:00:00:099,	43,	33,	246
50,	00:00:00:114,	46,	35,	250
51,	00:00:00:114,	42,	36,	254
52,	00:00:00:114,	46,	33,	257
53,	00:00:00:114,	44,	35,	257
54,	00:00:00:114,	47,	37,	255
55,	00:00:00:114,	44,	38,	254
56,	00:00:00:114,	43,	35,	261
57,	00:00:00:114,	43,	35,	260
58,	00:00:00:114,	43,	34,	266
59,	00:00:00:114,	44,	34,	259
60,	00:00:00:114,	45,	33,	261
61,	00:00:00:114,	43,	36,	258
62,	00:00:00:114,	44,	36,	263
63,	00:00:00:114,	44,	43,	274
64,	00:00:00:114,	43,	38,	270
65,	00:00:00:114,	43,	39,	270
66,	00:00:00:114,	41,	41,	267
67,	00:00:00:127,	38,	42,	275
68,	00:00:00:127,	41,	37,	274
69,	00:00:00:127,	42,	42,	272
70,	00:00:00:127,	44,	41,	271
71,	00:00:00:127,	42,	44,	267
72,	00:00:00:127,	43,	42,	271
73,	00:00:00:127,	41,	42,	268
74,	00:00:00:127,	43,	38,	271
75,	00:00:00:127,	48,	37,	265
76,	00:00:01:000,	52,	37,	260
77,	00:00:01:000,	51,	38,	259
78,	00:00:01:000,	54,	40,	257
79,	00:00:01:000,	51,	41,	257
80,	00:00:01:000,	51,	38,	256
81,	00:00:01:000,	55,	33,	258
82,	00:00:01:000,	56,	37,	250
83,	00:00:01:000,	58,	37,	249
84,	00:00:01:014,	58,	37,	244
85,	00:00:01:014,	58,	38,	244
86,	00:00:01:014,	53,	35,	247
87,	00:00:01:014,	55,	37,	248
88,	00:00:01:014,	57,	36,	247
89,	00:00:01:014,	59,	35,	241
90,	00:00:01:014,	57,	40,	247
91,	00:00:01:014,	57,	42,	241
92,	00:00:01:014,	55,	39,	247
93,	00:00:01:014,	57,	39,	249
94,	00:00:01:014,	60,	43,	252
95,	00:00:01:014,	59,	41,	250
96,	00:00:01:014,	55,	42,	245
97,	00:00:01:014,	54,	39,	250
98,	00:00:01:014,	52,	40,	248
99,	00:00:01:014,	57,	37,	252
100,	00:00:01:014,	55,	40,	246
101,	00:00:01:014,	58,	39,	243
102,	00:00:01:016,	55,	42,	239
103,	00:00:01:016,	52,	38,	245
104,	00:00:01:016,	54,	40,	243
105,	00:00:01:016,	54,	32,	249
106,	00:00:01:016,	55,	35,	244
107,	00:00:01:016,	56,	34,	242
108,	00:00:01:016,	57,	36,	239
109,	00:00:01:016,	56,	37,	245
110,	00:00:01:016,	52,	36,	251
111,	00:00:01:016,	56,	37,	249
112,	00:00:01:016,	54,	35,	254
113,	00:00:01:016,	56,	37,	251
114,	00:00:01:016,	57,	36,	253
115,	00:00:01:016,	55,	36,	253
116,	00:00:01:016,	52,	39,	254
117,	00:00:01:016,	48,	38,	260
118,	00:00:01:018,	49,	38,	260
119,	00:00:01:018,	49,	35,	263
120,	00:00:01:018,	50,	39,	260
121,	00:00:01:018,	51,	39,	259
122,	00:00:01:018,	50,	41,	256
123,	00:00:01:018,	49,	40,	261
124,	00:00:01:018,	46,	37,	260
125,	00:00:01:018,	51,	37,	269
126,	00:00:01:018,	51,	36,	257
127,	00:00:01:018,	52,	41,	259
128,	00:00:01:018,	48,	41,	262
129,	00:00:01:018,	47,	36,	269
130,	00:00:01:018,	49,	36,	269
131,	00:00:01:018,	50,	34,	271
132,	00:00:01:018,	48,	37,	271
133,	00:00:01:018,	49,	38,	269
134,	00:00:01:018,	45,	40,	267
135,	00:00:01:019,	46,	36,	271
136,	00:00:01:019,	44,	36,	271
137,	00:00:01:019,	45,	32,	276
138,	00:00:01:019,	46,	38,	270
139,	00:00:01:019,	45,	36,	271
140,	00:00:01:019,	42,	42,	264
141,	00:00:01:019,	40,	38,	269
142,	00:00:01:020,	45,	37,	264
143,	00:00:01:020,	45,	40,	261
144,	00:00:01:020,	48,	43,	260
145,	00:00:01:020,	46,	40,	254
146,	00:00:01:020,	45,	41,	253
147,	00:00:01:020,	42,	38,	256
148,	00:00:01:020,	49,	35,	258
149,	00:00:01:020,	48,	40,	253
150,	00:00:01:020,	49,	40,	249
151,	00:00:01:021,	47,	43,	241
152,	00:00:01:021,	51,	38,	248
153,	00:00:01:021,	48,	38,	250
154,	00:00:01:021,	51,	36,	245
155,	00:00:01:021,	49,	37,	246
156,	00:00:01:021,	54,	42,	251
157,	00:00:01:021,	52,	41,	241
158,	00:00:01:021,	47,	39,	247
159,	00:00:01:021,	48,	38,	249
160,	00:00:01:021,	50,	39,	245
161,	00:00:01:021,	52,	45,	247
162,	00:00:01:021,	47,	49,	247
163,	00:00:01:021,	46,	53,	250
164,	00:00:01:021,	46,	50,	253
165,	00:00:01:021,	47,	50,	251
166,	00:00:01:021,	50,	51,	251
167,	00:00:01:021,	51,	49,	248
168,	00:00:01:036,	34,	60,	231
169,	00:00:01:036,	26,	42,	244
170,	00:00:01:036,	38,	33,	248
171,	00:00:01:036,	45,	28,	248
172,	00:00:01:036,	51,	30,	246
173,	00:00:01:036,	45,	30,	239
174,	00:00:01:036,	39,	30,	244
175,	00:00:01:036,	35,	29,	243
176,	00:00:01:036,	38,	28,	250
177,	00:00:01:036,	40,	34,	244
178,	00:00:01:036,	34,	34,	242
179,	00:00:01:036,	28,	41,	243
180,	00:00:01:036,	13,	49,	239
181,	00:00:01:036,	6,	58,	236
182,	00:00:01:036,	16,	57,	237
183,	00:00:01:036,	31,	52,	241
184,	00:00:01:050,	35,	47,	250
185,	00:00:01:050,	35,	50,	246
186,	00:00:01:050,	33,	51,	255
187,	00:00:01:050,	43,	54,	261
188,	00:00:01:050,	50,	49,	259
189,	00:00:01:050,	50,	47,	257
190,	00:00:01:050,	45,	50,	252
191,	00:00:01:050,	45,	53,	254
192,	00:00:01:050,	43,	52,	249
193,	00:00:01:050,	48,	45,	252
194,	00:00:01:050,	38,	48,	247
195,	00:00:01:050,	39,	48,	243
196,	00:00:01:050,	45,	44,	238
197,	00:00:01:050,	51,	39,	244
198,	00:00:01:050,	45,	36,	240
199,	00:00:01:050,	48,	36,	248
200,	00:00:01:050,	45,	35,	248
201,	00:00:01:064,	49,	33,	253
202,	00:00:01:064,	45,	38,	249
203,	00:00:01:064,	43,	34,	259
204,	00:00:01:064,	42,	35,	261
205,	00:00:01:064,	37,	41,	265
206,	00:00:01:064,	40,	35,	260
207,	00:00:01:064,	57,	28,	266
208,	00:00:01:065,	40,	36,	264
209,	00:00:01:065,	-7,	49,	250
210,	00:00:01:065,	3,	43,	243
211,	00:00:01:065,	14,	42,	248
212,	00:00:01:065,	-4,	41,	233
213,	00:00:01:065,	16,	36,	238
214,	00:00:01:065,	1,	43,	226
215,	00:00:01:065,	9,	40,	230
216,	00:00:01:065,	-4,	45,	221
217,	00:00:01:066,	19,	41,	222
218,	00:00:01:066,	12,	56,	214
219,	00:00:01:066,	34,	48,	214
220,	00:00:01:066,	23,	47,	214
221,	00:00:01:066,	29,	47,	217
222,	00:00:01:066,	79,	29,	267
223,	00:00:01:066,	135,	9,	316
224,	00:00:01:066,	168,	-5,	347
225,	00:00:01:066,	180,	-3,	356
226,	00:00:01:066,	163,	-1,	354
227,	00:00:01:066,	137,	9,	331
228,	00:00:01:066,	105,	26,	306
229,	00:00:01:066,	74,	37,	279
230,	00:00:01:066,	54,	45,	266
231,	00:00:01:066,	4,	31,	240
232,	00:00:01:066,	0,	23,	229
233,	00:00:01:066,	17,	15,	243
234,	00:00:01:068,	26,	4,	247
235,	00:00:01:068,	-1,	-12,	229
236,	00:00:01:068,	-7,	-32,	226
237,	00:00:01:068,	5,	-49,	231
238,	00:00:01:068,	30,	-56,	236
239,	00:00:01:068,	37,	-19,	246
240,	00:00:01:068,	37,	14,	261
241,	00:00:01:068,	30,	29,	266
242,	00:00:01:068,	37,	23,	279
243,	00:00:01:068,	53,	21,	282
244,	00:00:01:068,	65,	16,	284
245,	00:00:01:068,	72,	14,	274
246,	00:00:01:068,	76,	4,	265
247,	00:00:01:068,	70,	2,	249
248,	00:00:01:068,	72,	-4,	251
249,	00:00:01:068,	72,	-3,	250
250,	00:00:01:070,	62,	-10,	248
251,	00:00:01:070,	60,	-4,	237
252,	00:00:01:070,	64,	-1,	245
253,	00:00:01:070,	66,	3,	250
254,	00:00:01:070,	69,	5,	249
255,	00:00:01:070,	78,	7,	254
256,	00:00:01:070,	81,	11,	255
257,	00:00:01:070,	84,	26,	263
258,	00:00:01:070,	80,	-1,	270
259,	00:00:01:070,	66,	-35,	283
260,	00:00:01:070,	35,	-85,	290
261,	00:00:01:070,	27,	-98,	298
262,	00:00:01:070,	57,	-40,	296
263,	00:00:01:070,	84,	48,	280
264,	00:00:01:070,	93,	92,	274
265,	00:00:01:070,	79,	96,	282
266,	00:00:01:070,	64,	82,	282
267,	00:00:01:071,	63,	65,	279
268,	00:00:01:071,	65,	52,	280
269,	00:00:01:071,	66,	33,	245
270,	00:00:01:071,	52,	14,	240
271,	00:00:01:071,	36,	2,	251
272,	00:00:01:071,	22,	2,	251
273,	00:00:01:072,	19,	11,	245
274,	00:00:01:072,	23,	27,	257
275,	00:00:01:072,	23,	39,	257
276,	00:00:01:072,	20,	50,	258
277,	00:00:01:072,	20,	58,	262
278,	00:00:01:072,	14,	61,	267
279,	00:00:01:072,	10,	61,	265
280,	00:00:01:072,	14,	67,	265
281,	00:00:01:072,	6,	65,	256
282,	00:00:01:072,	3,	64,	257
283,	00:00:01:086,	3,	62,	258
284,	00:00:01:086,	1,	63,	257
285,	00:00:01:086,	2,	65,	259
286,	00:00:01:086,	4,	66,	259
287,	00:00:01:086,	2,	71,	258
288,	00:00:01:086,	3,	70,	258
289,	00:00:01:086,	1,	77,	253
290,	00:00:01:086,	2,	78,	252
291,	00:00:01:086,	1,	73,	255
292,	00:00:01:087,	-1,	74,	257
293,	00:00:01:087,	-1,	77,	259
294,	00:00:01:087,	-2,	77,	263
295,	00:00:01:087,	-2,	82,	256
296,	00:00:01:087,	-5,	83,	256
297,	00:00:01:087,	-7,	88,	255
298,	00:00:01:087,	-2,	83,	256
299,	00:00:01:087,	-9,	81,	259
300,	00:00:01:116,	-6,	80,	257
301,	00:00:01:117,	-3,	74,	258
302,	00:00:01:117,	-3,	76,	253
303,	00:00:01:117,	-4,	72,	251
304,	00:00:01:117,	-5,	70,	249
305,	00:00:01:117,	-11,	69,	237
306,	00:00:01:117,	-10,	65,	241
307,	00:00:01:117,	-14,	62,	232
308,	00:00:01:117,	-17,	63,	229
309,	00:00:01:117,	-10,	59,	229
310,	00:00:01:117,	-15,	57,	227
311,	00:00:01:117,	-10,	55,	231
312,	00:00:01:117,	-18,	50,	222
313,	00:00:01:117,	-16,	44,	235
314,	00:00:01:117,	-23,	41,	242
315,	00:00:01:117,	-22,	36,	241
316,	00:00:01:119,	-27,	35,	245
317,	00:00:01:119,	-26,	35,	238
318,	00:00:01:119,	-31,	39,	235
319,	00:00:01:119,	-35,	35,	224
320,	00:00:01:119,	-41,	28,	236
321,	00:00:01:119,	-39,	27,	239
322,	00:00:01:119,	-32,	28,	240
323,	00:00:01:119,	-35,	40,	240
324,	00:00:01:119,	-21,	36,	243
325,	00:00:01:119,	-20,	42,	236
326,	00:00:01:119,	-18,	50,	242
327,	00:00:01:119,	-17,	54,	244
328,	00:00:01:119,	-12,	58,	238
329,	00:00:01:119,	-5,	56,	244
330,	00:00:01:120,	-3,	58,	243
331,	00:00:01:120,	-1,	64,	246
332,	00:00:01:121,	1,	65,	244
333,	00:00:01:121,	1,	65,	248
334,	00:00:01:121,	-4,	69,	255
335,	00:00:01:121,	-18,	63,	256
336,	00:00:01:121,	-14,	64,	251
337,	00:00:01:121,	-14,	65,	247
338,	00:00:01:121,	-17,	66,	242
339,	00:00:01:121,	-14,	55,	244
340,	00:00:01:121,	-15,	59,	249
341,	00:00:01:121,	-21,	58,	245
342,	00:00:01:121,	-12,	61,	261
343,	00:00:01:121,	-14,	56,	248
344,	00:00:01:121,	-16,	52,	254
345,	00:00:01:121,	-16,	47,	264
346,	00:00:01:121,	-28,	51,	251
347,	00:00:01:121,	-33,	51,	256
348,	00:00:01:121,	-28,	49,	249
349,	00:00:01:123,	-25,	58,	248
350,	00:00:01:123,	-24,	54,	258
351,	00:00:01:123,	-34,	56,	250
352,	00:00:01:123,	-37,	55,	244
353,	00:00:01:123,	-30,	60,	257
354,	00:00:01:123,	-32,	64,	251
355,	00:00:01:123,	-40,	87,	252
356,	00:00:01:123,	-53,	96,	263
357,	00:00:01:123,	-47,	97,	266
358,	00:00:01:123,	-32,	87,	259
359,	00:00:01:123,	-22,	75,	252
360,	00:00:01:123,	-16,	61,	256
361,	00:00:01:123,	-19,	50,	242
362,	00:00:01:123,	-23,	47,	236
363,	00:00:01:123,	-31,	33,	221
364,	00:00:01:123,	-22,	30,	219
365,	00:00:01:124,	-32,	11,	224
366,	00:00:01:124,	-25,	19,	234
367,	00:00:01:124,	-21,	18,	217
368,	00:00:01:124,	-16,	24,	224
369,	00:00:01:124,	-13,	12,	219
370,	00:00:01:124,	3,	11,	216
371,	00:00:01:124,	2,	20,	228
372,	00:00:01:124,	9,	17,	235
373,	00:00:01:124,	18,	29,	240
374,	00:00:01:125,	20,	23,	230
375,	00:00:01:125,	16,	28,	235
376,	00:00:01:125,	14,	32,	245
377,	00:00:01:125,	4,	36,	250
378,	00:00:01:125,	3,	44,	251
379,	00:00:01:125,	-3,	40,	261
380,	00:00:01:125,	-5,	48,	264
381,	00:00:01:126,	-4,	47,	273
382,	00:00:01:126,	-13,	53,	271
383,	00:00:01:126,	-17,	54,	272
384,	00:00:01:126,	-21,	56,	264
385,	00:00:01:126,	-18,	61,	252
386,	00:00:01:126,	-14,	61,	255
387,	00:00:01:126,	-23,	58,	261
388,	00:00:01:126,	-24,	57,	249
389,	00:00:01:126,	-17,	57,	256
390,	00:00:01:126,	-6,	55,	266
391,	00:00:01:126,	-6,	66,	261
392,	00:00:01:126,	-14,	67,	264
393,	00:00:01:126,	-9,	66,	266
394,	00:00:01:126,	5,	60,	267
395,	00:00:01:126,	-4,	55,	271
396,	00:00:01:126,	-10,	54,	283
397,	00:00:02:013,	-6,	61,	276
398,	00:00:02:013,	-9,	64,	268
399,	00:00:02:013,	-13,	67,	262
400,	00:00:02:013,	-1,	58,	261
401,	00:00:02:013,	0,	61,	269
402,	00:00:02:013,	2,	62,	271
403,	00:00:02:013,	5,	68,	287
404,	00:00:02:013,	7,	61,	283
405,	00:00:02:013,	7,	70,	277
406,	00:00:02:013,	16,	66,	277
407,	00:00:02:013,	14,	68,	275
408,	00:00:02:013,	7,	77,	283
409,	00:00:02:013,	24,	80,	276
410,	00:00:02:013,	25,	78,	276
411,	00:00:02:013,	27,	83,	270
412,	00:00:02:013,	37,	84,	279
413,	00:00:02:014,	37,	86,	269
414,	00:00:02:027,	38,	84,	270
415,	00:00:02:027,	48,	75,	270
416,	00:00:02:027,	47,	71,	270
417,	00:00:02:027,	36,	62,	262
418,	00:00:02:027,	39,	60,	264
419,	00:00:02:027,	49,	56,	261
420,	00:00:02:027,	52,	54,	255
421,	00:00:02:027,	61,	64,	257
422,	00:00:02:027,	55,	50,	254
423,	00:00:02:027,	47,	48,	252
424,	00:00:02:027,	41,	53,	252
425,	00:00:02:027,	58,	48,	251
426,	00:00:02:027,	61,	33,	254
427,	00:00:02:027,	47,	39,	247
428,	00:00:02:027,	17,	28,	239
429,	00:00:02:027,	17,	19,	257
430,	00:00:02:041,	19,	17,	263
431,	00:00:02:041,	25,	14,	263
432,	00:00:02:041,	33,	6,	260
433,	00:00:02:041,	10,	2,	256
434,	00:00:02:041,	-21,	9,	232
435,	00:00:02:041,	-17,	23,	231
436,	00:00:02:042,	-23,	25,	235
437,	00:00:02:042,	-31,	22,	227
438,	00:00:02:042,	-30,	30,	215
439,	00:00:02:042,	-24,	20,	216
440,	00:00:02:042,	-15,	23,	234
441,	00:00:02:042,	6,	16,	236
442,	00:00:02:042,	20,	14,	234
443,	00:00:02:042,	39,	1,	233
444,	00:00:02:042,	46,	1,	228
445,	00:00:02:042,	59,	2,	223
446,	00:00:02:042,	60,	2,	235
447,	00:00:02:043,	58,	5,	237
448,	00:00:02:043,	51,	9,	237
449,	00:00:02:043,	56,	15,	237
450,	00:00:02:043,	52,	20,	236
451,	00:00:02:043,	43,	20,	247
452,	00:00:02:043,	38,	26,	235
453,	00:00:02:044,	32,	26,	238
454,	00:00:02:044,	40,	28,	250
455,	00:00:02:044,	38,	36,	254
456,	00:00:02:044,	42,	32,	254
457,	00:00:02:044,	34,	46,	254
458,	00:00:02:044,	34,	48,	259
459,	00:00:02:044,	31,	52,	261
460,	00:00:02:044,	36,	50,	262
461,	00:00:02:044,	42,	47,	263
462,	00:00:02:044,	45,	50,	262
463,	00:00:02:044,	45,	50,	258
464,	00:00:02:045,	54,	47,	256
465,	00:00:02:045,	49,	48,	253
466,	00:00:02:045,	56,	52,	259
467,	00:00:02:045,	50,	44,	252
468,	00:00:02:045,	55,	40,	255
469,	00:00:02:045,	58,	35,	256
470,	00:00:02:045,	65,	37,	256
471,	00:00:02:045,	69,	41,	252
472,	00:00:02:045,	75,	40,	253
473,	00:00:02:045,	75,	42,	249
474,	00:00:02:045,	72,	37,	251
475,	00:00:02:045,	81,	37,	261
476,	00:00:02:045,	76,	36,	266
477,	00:00:02:045,	77,	32,	263
478,	00:00:02:045,	71,	31,	264
479,	00:00:02:045,	74,	29,	267
480,	00:00:02:047,	68,	23,	267
481,	00:00:02:047,	65,	19,	264
482,	00:00:02:047,	63,	17,	261
483,	00:00:02:047,	54,	15,	262
484,	00:00:02:047,	47,	7,	262
485,	00:00:02:047,	60,	5,	263
486,	00:00:02:047,	54,	2,	261
487,	00:00:02:047,	55,	-1,	262
488,	00:00:02:047,	46,	-6,	259
489,	00:00:02:047,	57,	-10,	254
490,	00:00:02:047,	51,	-9,	253
491,	00:00:02:047,	57,	-12,	270
492,	00:00:02:047,	58,	-8,	257
493,	00:00:02:047,	60,	-2,	269
494,	00:00:02:047,	58,	5,	249
495,	00:00:02:047,	62,	7,	254
496,	00:00:02:047,	54,	7,	248
497,	00:00:02:048,	62,	27,	245
498,	00:00:02:048,	62,	17,	249
499,	00:00:02:048,	58,	19,	244
500,	00:00:02:048,	65,	16,	254
501,	00:00:02:048,	71,	22,	240
502,	00:00:02:048,	70,	25,	243
503,	00:00:02:048,	75,	25,	241
504,	00:00:02:049,	76,	21,	240
505,	00:00:02:049,	79,	29,	258
506,	00:00:02:049,	71,	19,	244
507,	00:00:02:049,	70,	30,	232
508,	00:00:02:049,	72,	23,	248
509,	00:00:02:049,	66,	36,	255
510,	00:00:02:049,	76,	31,	255
511,	00:00:02:049,	81,	27,	260
512,	00:00:02:049,	79,	30,	266
513,	00:00:02:063,	84,	29,	259
514,	00:00:02:063,	75,	24,	267
515,	00:00:02:063,	73,	31,	267
516,	00:00:02:063,	70,	33,	274
517,	00:00:02:063,	77,	44,	262
518,	00:00:02:063,	69,	39,	264
519,	00:00:02:063,	73,	34,	269
520,	00:00:02:063,	73,	38,	262
521,	00:00:02:063,	73,	36,	263
522,	00:00:02:063,	70,	37,	263
523,	00:00:02:063,	71,	33,	255
524,	00:00:02:063,	68,	33,	254
525,	00:00:02:063,	70,	26,	254
526,	00:00:02:063,	72,	24,	254
527,	00:00:02:063,	76,	21,	246
528,	00:00:02:063,	83,	25,	242
529,	00:00:02:063,	82,	23,	222
530,	00:00:02:077,	95,	20,	219
531,	00:00:02:077,	94,	14,	214
532,	00:00:02:077,	95,	7,	207
533,	00:00:02:077,	94,	10,	203
534,	00:00:02:077,	104,	2,	203
535,	00:00:02:077,	101,	-5,	192
536,	00:00:02:077,	109,	1,	203
537,	00:00:02:077,	102,	-2,	209
538,	00:00:02:077,	107,	-6,	195
539,	00:00:02:077,	106,	-14,	206
540,	00:00:02:077,	98,	-7,	206
541,	00:00:02:077,	105,	-5,	208
542,	00:00:02:077,	96,	-8,	214
543,	00:00:02:077,	100,	-17,	217
544,	00:00:02:077,	95,	-8,	219
545,	00:00:02:077,	95,	0,	220
546,	00:00:02:091,	76,	-12,	227
547,	00:00:02:091,	89,	-10,	221
548,	00:00:02:091,	82,	-9,	236
549,	00:00:02:091,	71,	-1,	235
550,	00:00:02:091,	68,	0,	233
551,	00:00:02:091,	66,	1,	230
552,	00:00:02:091,	65,	11,	243
553,	00:00:02:091,	69,	7,	236
554,	00:00:02:091,	82,	14,	251
555,	00:00:02:091,	91,	14,	263
556,	00:00:02:092,	88,	23,	262
557,	00:00:02:092,	87,	25,	268
558,	00:00:02:092,	92,	22,	266
559,	00:00:02:092,	99,	17,	280
560,	00:00:02:092,	86,	21,	276
561,	00:00:02:092,	100,	13,	280
562,	00:00:02:092,	94,	6,	263
563,	00:00:02:093,	96,	10,	271
564,	00:00:02:093,	89,	7,	290
565,	00:00:02:093,	88,	4,	270
566,	00:00:02:093,	80,	5,	273
567,	00:00:02:093,	79,	-1,	273
568,	00:00:02:093,	81,	-3,	261
569,	00:00:02:093,	76,	-2,	255
570,	00:00:02:093,	74,	-7,	258
571,	00:00:02:093,	77,	-8,	252
572,	00:00:02:093,	72,	-15,	253
573,	00:00:02:093,	81,	-28,	251
574,	00:00:02:093,	74,	-19,	246
575,	00:00:02:093,	76,	-22,	244
576,	00:00:02:093,	74,	-24,	232
577,	00:00:02:093,	79,	-17,	245
578,	00:00:02:093,	66,	-20,	236
579,	00:00:02:095,	64,	-22,	244
580,	00:00:02:095,	65,	-25,	244
581,	00:00:02:095,	69,	-18,	241
582,	00:00:02:095,	79,	-24,	246
583,	00:00:02:095,	76,	-24,	245
584,	00:00:02:095,	73,	-23,	241
585,	00:00:02:095,	78,	-24,	254
586,	00:00:02:095,	100,	-17,	249
587,	00:00:02:095,	93,	-37,	269
588,	00:00:02:095,	96,	-29,	264
589,	00:00:02:095,	106,	-28,	265
590,	00:00:02:095,	101,	-26,	261
591,	00:00:02:095,	104,	-39,	261
592,	00:00:02:095,	102,	-43,	268
593,	00:00:02:095,	98,	-34,	256
594,	00:00:02:095,	93,	-32,	263
595,	00:00:02:097,	97,	-25,	253
596,	00:00:02:097,	94,	-21,	260
597,	00:00:02:097,	97,	-19,	268
598,	00:00:02:097,	94,	-10,	259
599,	00:00:02:097,	74,	-8,	273
0,	00:00:02:113,	80,	-7,	275
1,	00:00:02:114,	70,	-2,	280
2,	00:00:02:114,	78,	7,	279
3,	00:00:02:114,	58,	11,	284
4,	00:00:02:114,	46,	10,	274
5,	00:00:02:114,	51,	22,	269
6,	00:00:02:114,	50,	25,	269
7,	00:00:02:114,	46,	44,	261
8,	00:00:02:114,	47,	36,	261
9,	00:00:02:114,	46,	37,	255
10,	00:00:02:114,	55,	38,	247
11,	00:00:02:114,	67,	31,	243
12,	00:00:02:127,	76,	29,	234
13,	00:00:02:127,	84,	23,	226
14,	00:00:02:127,	86,	17,	217
15,	00:00:02:127,	86,	12,	209
16,	00:00:02:127,	92,	-1,	210
17,	00:00:02:127,	90,	-10,	205
18,	00:00:02:127,	91,	-22,	206
19,	00:00:02:127,	91,	-21,	208
20,	00:00:02:127,	94,	-31,	205
21,	00:00:02:127,	98,	-27,	211
22,	00:00:02:127,	91,	-33,	213
23,	00:00:02:127,	89,	-39,	214
24,	00:00:02:127,	92,	-40,	224
25,	00:00:03:000,	98,	-40,	224
26,	00:00:03:000,	100,	-42,	237
27,	00:00:03:000,	95,	-33,	242
28,	00:00:03:000,	93,	-29,	253
29,	00:00:03:014,	98,	-25,	266
30,	00:00:03:014,	97,	-19,	278
31,	00:00:03:014,	97,	-8,	278
32,	00:00:03:014,	96,	4,	278
33,	00:00:03:014,	92,	14,	279
34,	00:00:03:014,	84,	19,	289
35,	00:00:03:014,	77,	29,	289
36,	00:00:03:014,	72,	34,	293
37,	00:00:03:014,	72,	35,	302
38,	00:00:03:014,	71,	43,	296
39,	00:00:03:014,	74,	39,	301
40,	00:00:03:014,	76,	46,	295
41,	00:00:03:014,	64,	51,	295
42,	00:00:03:014,	75,	48,	272
43,	00:00:03:014,	66,	59,	278
44,	00:00:03:014,	72,	62,	277
45,	00:00:03:014,	70,	53,	273
46,	00:00:03:015,	79,	41,	276
47,	00:00:03:015,	88,	36,	267
48,	00:00:03:016,	91,	36,	265
49,	00:00:03:016,	98,	24,	262
50,	00:00:03:016,	70,	24,	238
51,	00:00:03:016,	58,	27,	245
52,	00:00:03:016,	74,	34,	250
53,	00:00:03:016,	80,	12,	237
54,	00:00:03:016,	80,	11,	234
55,	00:00:03:016,	80,	10,	244
56,	00:00:03:016,	93,	4,	235
57,	00:00:03:016,	63,	5,	237
58,	00:00:03:016,	61,	5,	231
59,	00:00:03:016,	70,	-1,	229
60,	00:00:03:016,	67,	2,	221
61,	00:00:03:016,	65,	3,	240
62,	00:00:03:016,	64,	4,	234
63,	00:00:03:017,	72,	11,	233
64,	00:00:03:017,	78,	7,	250
65,	00:00:03:017,	87,	7,	243
66,	00:00:03:017,	100,	5,	247
67,	00:00:03:017,	114,	3,	247
68,	00:00:03:017,	135,	-9,	254
69,	00:00:03:017,	139,	-13,	254
70,	00:00:03:017,	167,	-18,	254
71,	00:00:03:017,	170,	-26,	263
72,	00:00:03:017,	185,	-27,	252
73,	00:00:03:017,	180,	-29,	245
74,	00:00:03:017,	185,	-39,	245
75,	00:00:03:017,	171,	-44,	243
76,	00:00:03:018,	163,	-43,	246
77,	00:00:03:018,	154,	-47,	248
78,	00:00:03:018,	144,	-45,	253
79,	00:00:03:019,	137,	-37,	250
80,	00:00:03:019,	129,	-25,	258
81,	00:00:03:019,	114,	-22,	251
82,	00:00:03:019,	109,	-20,	252
83,	00:00:03:019,	98,	-5,	250
84,	00:00:03:019,	93,	-2,	231
85,	00:00:03:019,	102,	-25,	249
86,	00:00:03:019,	92,	-10,	235
87,	00:00:03:019,	96,	-10,	233
88,	00:00:03:019,	103,	-8,	222
89,	00:00:03:019,	112,	-17,	216
90,	00:00:03:019,	109,	-20,	207
91,	00:00:03:019,	110,	-24,	209
92,	00:00:03:019,	114,	-29,	200
93,	00:00:03:019,	106,	-20,	200
94,	00:00:03:019,	105,	-21,	188
95,	00:00:03:019,	109,	-17,	167
96,	00:00:03:020,	111,	-21,	172
97,	00:00:03:020,	107,	-17,	173
98,	00:00:03:020,	108,	-20,	157
99,	00:00:03:021,	105,	-15,	158
100,	00:00:03:021,	90,	-18,	156
101,	00:00:03:021,	91,	-23,	145
102,	00:00:03:021,	71,	-18,	155
103,	00:00:03:021,	71,	-9,	150
104,	00:00:03:021,	56,	-13,	155
105,	00:00:03:021,	55,	-16,	164
106,	00:00:03:021,	54,	-10,	172
107,	00:00:03:021,	49,	-6,	179
108,	00:00:03:021,	58,	-7,	201
109,	00:00:03:021,	65,	-6,	204
110,	00:00:03:021,	79,	-1,	223
111,	00:00:03:021,	99,	3,	228
112,	00:00:03:022,	104,	7,	269
113,	00:00:03:022,	117,	0,	296
114,	00:00:03:022,	172,	-55,	345
115,	00:00:03:022,	156,	23,	361
116,	00:00:03:022,	130,	102,	375
117,	00:00:03:022,	119,	154,	376
118,	00:00:03:022,	110,	180,	380
119,	00:00:03:022,	111,	169,	373
120,	00:00:03:022,	121,	144,	366
121,	00:00:03:022,	143,	110,	322
122,	00:00:03:022,	154,	85,	295
123,	00:00:03:022,	145,	72,	268
124,	00:00:03:022,	142,	80,	262
125,	00:00:03:022,	121,	82,	253
126,	00:00:03:023,	120,	76,	251
127,	00:00:03:023,	103,	83,	257
128,	00:00:03:036,	97,	78,	264
129,	00:00:03:036,	99,	77,	259
130,	00:00:03:036,	93,	67,	268
131,	00:00:03:036,	106,	62,	266
132,	00:00:03:036,	99,	59,	268
133,	00:00:03:037,	87,	82,	259
134,	00:00:03:037,	83,	73,	258
135,	00:00:03:037,	72,	69,	258
136,	00:00:03:037,	60,	62,	240
137,	00:00:03:037,	35,	65,	228
138,	00:00:03:037,	23,	62,	224
139,	00:00:03:037,	17,	52,	204
140,	00:00:03:037,	15,	47,	181
141,	00:00:03:037,	19,	26,	187
142,	00:00:03:037,	19,	32,	174
143,	00:00:03:037,	27,	24,	163
144,	00:00:03:050,	38,	31,	153
145,	00:00:03:050,	45,	35,	159
146,	00:00:03:050,	46,	27,	145
147,	00:00:03:050,	40,	30,	157
148,	00:00:03:050,	48,	28,	153
149,	00:00:03:050,	57,	29,	157
150,	00:00:03:050,	52,	24,	176
151,	00:00:03:050,	57,	24,	186
152,	00:00:03:050,	56,	25,	196
153,	00:00:03:050,	58,	24,	207
154,	00:00:03:050,	63,	29,	221
155,	00:00:03:050,	67,	38,	228
156,	00:00:03:050,	76,	52,	230
157,	00:00:03:050,	83,	45,	240
158,	00:00:03:050,	83,	48,	249
159,	00:00:03:050,	86,	56,	253
160,	00:00:03:050,	91,	58,	253
161,	00:00:03:064,	-35,	247,	100
162,	00:00:03:064,	-38,	275,	94
163,	00:00:03:065,	-42,	283,	87
164,	00:00:03:065,	101,	56,	246
165,	00:00:03:065,	100,	54,	242
166,	00:00:03:065,	98,	56,	226
167,	00:00:03:065,	96,	58,	225
168,	00:00:03:065,	97,	61,	226
169,	00:00:03:065,	102,	60,	213
170,	00:00:03:065,	105,	61,	212
171,	00:00:03:065,	104,	68,	216
172,	00:00:03:065,	100,	65,	224
173,	00:00:03:065,	101,	69,	238
174,	00:00:03:065,	107,	69,	241
175,	00:00:03:065,	114,	68,	254
176,	00:00:03:065,	125,	77,	261
177,	00:00:03:066,	127,	77,	267
178,	00:00:03:066,	130,	80,	272
179,	00:00:03:066,	130,	79,	284
180,	00:00:03:066,	130,	78,	285
181,	00:00:03:066,	130,	76,	287
182,	00:00:03:066,	129,	79,	284
183,	00:00:03:066,	124,	80,	281
184,	00:00:03:066,	120,	79,	275
185,	00:00:03:066,	114,	80,	267
186,	00:00:03:066,	112,	75,	266
187,	00:00:03:066,	104,	68,	265
188,	00:00:03:066,	90,	59,	261
189,	00:00:03:066,	92,	53,	254
190,	00:00:03:067,	88,	43,	239
191,	00:00:03:067,	88,	41,	231
192,	00:00:03:067,	83,	38,	224
193,	00:00:03:068,	78,	30,	218
194,	00:00:03:068,	70,	29,	214
195,	00:00:03:068,	70,	17,	207
196,	00:00:03:068,	69,	12,	204
197,	00:00:03:068,	71,	13,	195
198,	00:00:03:068,	71,	16,	192
199,	00:00:03:068,	71,	19,	194
200,	00:00:03:068,	84,	22,	185
201,	00:00:03:068,	84,	25,	196
202,	00:00:03:068,	101,	29,	194
203,	00:00:03:068,	96,	27,	199
204,	00:00:03:068,	103,	26,	203
205,	00:00:03:068,	101,	29,	199
206,	00:00:03:068,	93,	36,	213
207,	00:00:03:068,	102,	46,	211
208,	00:00:03:068,	98,	35,	220
209,	00:00:03:069,	109,	32,	236
210,	00:00:03:069,	108,	35,	246
211,	00:00:03:069,	127,	33,	245
212,	00:00:03:069,	123,	40,	240
213,	00:00:03:070,	123,	50,	243
214,	00:00:03:070,	120,	54,	250
215,	00:00:03:070,	118,	58,	240
216,	00:00:03:070,	106,	74,	225
217,	00:00:03:070,	126,	72,	231
218,	00:00:03:070,	115,	66,	236
219,	00:00:03:070,	104,	77,	236
220,	00:00:03:070,	111,	72,	229
221,	00:00:03:070,	100,	63,	238
222,	00:00:03:070,	102,	61,	242
223,	00:00:03:070,	98,	72,	247
224,	00:00:03:070,	86,	87,	246
225,	00:00:03:074,	98,	89,	254
226,	00:00:03:074,	106,	88,	245
227,	00:00:03:074,	109,	93,	251
228,	00:00:03:074,	114,	89,	236
229,	00:00:03:074,	104,	82,	237
230,	00:00:03:074,	114,	84,	216
231,	00:00:03:075,	119,	88,	203
232,	00:00:03:075,	124,	76,	198
233,	00:00:03:075,	124,	84,	195
234,	00:00:03:075,	112,	78,	202
235,	00:00:03:075,	113,	85,	213
236,	00:00:03:075,	111,	79,	210
237,	00:00:03:075,	111,	84,	219
238,	00:00:03:075,	116,	85,	227
239,	00:00:03:075,	120,	83,	227
240,	00:00:03:075,	120,	87,	234
241,	00:00:03:089,	125,	84,	249
242,	00:00:03:089,	125,	91,	255
243,	00:00:03:089,	127,	95,	268
244,	00:00:03:089,	136,	96,	275
245,	00:00:03:089,	137,	99,	291
246,	00:00:03:089,	140,	95,	289
247,	00:00:03:089,	143,	99,	296
248,	00:00:03:089,	146,	99,	300
249,	00:00:03:089,	148,	94,	301
250,	00:00:03:089,	151,	104,	305
251,	00:00:03:089,	153,	102,	307
252,	00:00:03:089,	145,	108,	301
253,	00:00:03:089,	139,	114,	290
254,	00:00:03:089,	140,	99,	290
255,	00:00:03:089,	138,	100,	293
256,	00:00:03:089,	135,	91,	290
257,	00:00:03:102,	66,	344,	35
258,	00:00:03:102,	44,	328,	46
259,	00:00:03:102,	44,	297,	37
260,	00:00:03:102,	52,	292,	31
261,	00:00:03:102,	53,	280,	25
262,	00:00:03:102,	53,	265,	51
263,	00:00:03:102,	41,	264,	52
264,	00:00:03:102,	39,	266,	55
265,	00:00:03:102,	31,	262,	48
266,	00:00:03:102,	28,	266,	53
267,	00:00:03:102,	23,	263,	48
268,	00:00:03:102,	18,	256,	45
269,	00:00:03:102,	12,	263,	50
270,	00:00:03:103,	16,	258,	38
271,	00:00:03:103,	22,	250,	38
272,	00:00:03:103,	5,	243,	33
273,	00:00:03:103,	13,	242,	46
274,	00:00:03:117,	22,	248,	32
275,	00:00:03:117,	27,	240,	33
276,	00:00:03:117,	26,	234,	17
277,	00:00:03:117,	10,	240,	12
278,	00:00:03:117,	-5,	248,	6
279,	00:00:03:117,	-10,	258,	10
280,	00:00:03:117,	-23,	269,	17
281,	00:00:03:117,	11,	273,	8
282,	00:00:03:117,	-5,	279,	8
283,	00:00:03:117,	6,	276,	22
284,	00:00:03:117,	2,	278,	9
285,	00:00:03:117,	4,	279,	12
286,	00:00:03:117,	-15,	278,	8
287,	00:00:03:117,	-7,	282,	13
288,	00:00:03:117,	-25,	275,	17
289,	00:00:03:117,	21,	263,	14
290,	00:00:03:118,	22,	248,	13
291,	00:00:03:118,	43,	225,	5
292,	00:00:03:118,	35,	219,	-5
293,	00:00:03:118,	29,	207,	2
294,	00:00:03:119,	32,	215,	8
295,	00:00:03:119,	46,	208,	17
296,	00:00:03:119,	41,	219,	17
297,	00:00:03:119,	31,	223,	23
298,	00:00:03:119,	40,	213,	26
299,	00:00:03:119,	24,	189,	16
300,	00:00:04:088,	15,	175,	7
301,	00:00:04:089,	4,	167,	10
302,	00:00:04:089,	-11,	182,	31
303,	00:00:04:089,	-2,	181,	36
304,	00:00:04:089,	7,	167,	46
305,	00:00:04:089,	-6,	171,	60
306,	00:00:04:089,	3,	167,	38
307,	00:00:04:090,	-3,	181,	35
308,	00:00:04:090,	-4,	194,	32
309,	00:00:04:091,	18,	235,	28
310,	00:00:04:091,	16,	259,	5
311,	00:00:04:091,	5,	276,	10
312,	00:00:04:091,	13,	297,	15
313,	00:00:04:091,	-5,	306,	1
314,	00:00:04:091,	4,	314,	4
315,	00:00:04:091,	4,	321,	12
316,	00:00:04:091,	-2,	332,	0
317,	00:00:04:091,	22,	279,	12
318,	00:00:04:091,	22,	268,	19
319,	00:00:04:091,	35,	246,	26
320,	00:00:04:091,	44,	203,	25
321,	00:00:04:091,	51,	194,	35
322,	00:00:04:091,	49,	191,	18
323,	00:00:04:091,	54,	202,	22
324,	00:00:04:092,	68,	208,	14
325,	00:00:04:092,	75,	240,	-2
326,	00:00:04:092,	64,	269,	15
327,	00:00:04:092,	58,	278,	7
328,	00:00:04:092,	56,	268,	4
329,	00:00:04:092,	33,	278,	17
330,	00:00:04:092,	46,	238,	11
331,	00:00:04:092,	40,	198,	18
332,	00:00:04:092,	7,	189,	7
333,	00:00:04:092,	-9,	191,	20
334,	00:00:04:092,	-21,	294,	10
335,	00:00:04:092,	-20,	359,	11
336,	00:00:04:093,	12,	357,	19
337,	00:00:04:093,	37,	327,	32
338,	00:00:04:093,	26,	282,	31
339,	00:00:04:093,	59,	280,	50
340,	00:00:04:094,	47,	252,	54
341,	00:00:04:094,	64,	231,	47
342,	00:00:04:094,	83,	199,	52
343,	00:00:04:094,	78,	189,	43
344,	00:00:04:094,	74,	205,	24
345,	00:00:04:094,	68,	225,	14
346,	00:00:04:094,	78,	219,	28
347,	00:00:04:094,	64,	197,	13
348,	00:00:04:094,	54,	158,	8
349,	00:00:04:094,	48,	141,	11
350,	00:00:04:094,	17,	127,	-19
351,	00:00:04:094,	7,	132,	-38
352,	00:00:04:094,	16,	145,	-65
353,	00:00:04:094,	13,	237,	-68
354,	00:00:04:094,	18,	173,	-93
355,	00:00:04:094,	32,	121,	-75
356,	00:00:04:094,	32,	127,	-63
357,	00:00:04:108,	33,	124,	-41
358,	00:00:04:108,	40,	141,	-25
359,	00:00:04:108,	25,	116,	-12
360,	00:00:04:108,	15,	112,	-5
361,	00:00:04:108,	-12,	102,	-21
362,	00:00:04:108,	11,	105,	-27
363,	00:00:04:108,	23,	127,	-17
364,	00:00:04:108,	37,	201,	-5
365,	00:00:04:108,	32,	171,	-39
366,	00:00:04:108,	45,	210,	-13
367,	00:00:04:108,	37,	218,	5
368,	00:00:04:108,	31,	196,	-5
369,	00:00:04:108,	35,	141,	-10
370,	00:00:04:109,	17,	147,	-13
371,	00:00:04:109,	46,	117,	-12
372,	00:00:04:109,	55,	143,	-14
373,	00:00:04:122,	23,	184,	-3
374,	00:00:04:122,	50,	191,	14
375,	00:00:04:122,	56,	184,	22
376,	00:00:04:122,	64,	164,	4
377,	00:00:04:122,	62,	135,	2
378,	00:00:04:122,	64,	127,	12
379,	00:00:04:122,	68,	149,	23
380,	00:00:04:122,	85,	266,	39
381,	00:00:04:122,	73,	179,	-3
382,	00:00:04:122,	76,	156,	28
383,	00:00:04:122,	58,	118,	30
384,	00:00:04:122,	70,	102,	19
385,	00:00:04:122,	69,	103,	-5
386,	00:00:04:122,	72,	119,	14
387,	00:00:04:122,	73,	102,	15
388,	00:00:04:122,	55,	111,	24
389,	00:00:05:008,	53,	121,	9
390,	00:00:05:008,	70,	122,	16
391,	00:00:05:008,	59,	189,	2
392,	00:00:05:008,	69,	202,	0
393,	00:00:05:008,	44,	197,	17
394,	00:00:05:008,	51,	212,	12
395,	00:00:05:008,	48,	262,	19
396,	00:00:05:008,	-8,	333,	1
397,	00:00:05:008,	92,	648,	-14
398,	00:00:05:008,	169,	1152,	-2
399,	00:00:05:008,	-25,	1606,	-50
400,	00:00:05:009,	14,	1826,	-50
401,	00:00:05:009,	72,	1715,	-18
402,	00:00:05:009,	85,	1324,	-2
403,	00:00:05:009,	85,	908,	2
404,	00:00:05:009,	66,	550,	4
405,	00:00:05:009,	54,	334,	0
406,	00:00:05:010,	49,	212,	-11
407,	00:00:05:010,	78,	136,	-13
408,	00:00:05:010,	81,	95,	-10
409,	00:00:05:010,	78,	76,	-8
410,	00:00:05:010,	91,	74,	-3
411,	00:00:05:010,	100,	95,	4
412,	00:00:05:010,	95,	141,	8
413,	00:00:05:010,	91,	214,	13
414,	00:00:05:010,	84,	272,	15
415,	00:00:05:011,	66,	323,	19
416,	00:00:05:011,	42,	365,	17
417,	00:00:05:011,	21,	381,	12
418,	00:00:05:011,	3,	370,	5
419,	00:00:05:011,	-17,	336,	6
420,	00:00:05:011,	-30,	292,	8
421,	00:00:05:011,	-38,	252,	4
422,	00:00:05:012,	-38,	223,	-2
423,	00:00:05:012,	-33,	197,	-6
424,	00:00:05:012,	-25,	183,	-5
425,	00:00:05:012,	-16,	179,	-6
426,	00:00:05:012,	-2,	186,	-2
427,	00:00:05:012,	18,	203,	-3
428,	00:00:05:012,	38,	226,	-1
429,	00:00:05:012,	56,	247,	3
430,	00:00:05:012,	73,	265,	6
431,	00:00:05:012,	87,	276,	12
432,	00:00:05:012,	93,	284,	16
433,	00:00:05:012,	100,	283,	13
434,	00:00:05:012,	106,	278,	8
435,	00:00:05:012,	107,	269,	10
436,	00:00:05:012,	103,	259,	11
437,	00:00:05:012,	98,	256,	3
438,	00:00:05:012,	91,	252,	1
439,	00:00:05:014,	87,	251,	2
440,	00:00:05:014,	74,	254,	-1
441,	00:00:05:014,	68,	260,	-2
442,	00:00:05:014,	61,	263,	-5
443,	00:00:05:014,	59,	268,	-6
444,	00:00:05:014,	58,	276,	6
445,	00:00:05:014,	54,	270,	0
446,	00:00:05:014,	53,	269,	5
447,	00:00:05:014,	55,	265,	5
448,	00:00:05:014,	56,	267,	-1
449,	00:00:05:014,	61,	263,	0
450,	00:00:05:014,	67,	261,	-4
451,	00:00:05:014,	75,	259,	0
452,	00:00:05:014,	79,	259,	0
453,	00:00:05:014,	84,	262,	-4
454,	00:00:05:014,	89,	259,	2
455,	00:00:05:014,	87,	263,	2
456,	00:00:05:042,	93,	266,	1
457,	00:00:05:042,	95,	267,	2
458,	00:00:05:042,	96,	263,	8
459,	00:00:05:042,	94,	267,	1
460,	00:00:05:042,	94,	267,	-1
461,	00:00:05:042,	94,	266,	1
462,	00:00:05:042,	80,	261,	0
463,	00:00:05:043,	28,	228,	-7
464,	00:00:05:043,	-46,	182,	-7
465,	00:00:05:043,	-91,	166,	-16
466,	00:00:05:043,	-88,	188,	-11
467,	00:00:05:043,	-76,	215,	-26
468,	00:00:05:043,	-81,	246,	-28
469,	00:00:05:043,	-77,	258,	-26
470,	00:00:05:043,	-71,	268,	-24
471,	00:00:05:043,	-45,	292,	-20
472,	00:00:05:057,	-40,	313,	-23
473,	00:00:05:057,	-36,	325,	-23
474,	00:00:05:057,	-27,	328,	-14
475,	00:00:05:057,	-29,	329,	-7
476,	00:00:05:057,	-34,	321,	-11
477,	00:00:05:057,	-35,	319,	-12
478,	00:00:05:057,	-39,	311,	-18
479,	00:00:05:057,	-53,	302,	-21
480,	00:00:05:057,	-64,	297,	-26
481,	00:00:05:057,	-73,	287,	-17
482,	00:00:05:057,	-82,	282,	-22
483,	00:00:05:057,	-89,	279,	-18
484,	00:00:05:057,	-74,	284,	-19
485,	00:00:05:057,	-77,	283,	-17
486,	00:00:05:057,	-74,	290,	-11
487,	00:00:05:057,	-75,	287,	-13
488,	00:00:05:059,	-39,	296,	-14
489,	00:00:05:059,	-31,	312,	7
490,	00:00:05:059,	-20,	316,	17
491,	00:00:05:059,	-39,	292,	10
492,	00:00:05:059,	-60,	243,	-8
493,	00:00:05:059,	-86,	134,	-27
494,	00:00:05:059,	-108,	87,	-36
495,	00:00:05:059,	-51,	86,	-39
496,	00:00:05:059,	25,	120,	-32
497,	00:00:05:059,	75,	158,	-9
498,	00:00:05:059,	113,	186,	10
499,	00:00:05:059,	153,	225,	12
500,	00:00:05:059,	169,	228,	33
501,	00:00:05:059,	182,	244,	28
502,	00:00:05:059,	94,	247,	33
503,	00:00:05:060,	155,	282,	58
504,	00:00:05:060,	193,	303,	58
505,	00:00:05:060,	164,	342,	50
506,	00:00:05:060,	167,	380,	45
507,	00:00:05:060,	146,	390,	30
508,	00:00:05:061,	144,	395,	10
509,	00:00:05:061,	142,	404,	4
510,	00:00:05:061,	125,	413,	-3
511,	00:00:05:061,	134,	424,	-3
512,	00:00:05:061,	166,	430,	6
513,	00:00:05:061,	186,	424,	12
514,	00:00:05:061,	187,	408,	12
515,	00:00:05:061,	186,	373,	14
516,	00:00:05:061,	188,	334,	8
517,	00:00:05:061,	169,	301,	3
518,	00:00:05:061,	161,	270,	0
519,	00:00:05:061,	145,	246,	0
520,	00:00:05:062,	131,	238,	-3
521,	00:00:05:062,	124,	231,	-4
522,	00:00:05:062,	117,	225,	0
523,	00:00:05:062,	107,	226,	1
524,	00:00:05:062,	93,	227,	-2
525,	00:00:05:063,	84,	224,	-1
526,	00:00:05:063,	74,	237,	2
527,	00:00:05:063,	65,	258,	-3
528,	00:00:05:063,	66,	283,	-7
529,	00:00:05:063,	54,	299,	-7
530,	00:00:05:063,	45,	313,	-10
531,	00:00:05:063,	42,	309,	-14
532,	00:00:05:063,	31,	308,	-11
533,	00:00:05:063,	19,	323,	-7
534,	00:00:05:063,	28,	323,	-9
535,	00:00:05:063,	35,	280,	-12
536,	00:00:05:064,	36,	240,	-10
537,	00:00:05:064,	39,	235,	-11
538,	00:00:05:064,	48,	251,	-12
539,	00:00:05:064,	71,	260,	-9
540,	00:00:05:064,	117,	271,	-2
541,	00:00:05:064,	91,	296,	2
542,	00:00:05:064,	90,	301,	12
543,	00:00:05:064,	93,	299,	15
544,	00:00:05:064,	87,	286,	19
545,	00:00:05:064,	71,	275,	12
546,	00:00:05:064,	55,	272,	7
547,	00:00:05:064,	41,	266,	7
548,	00:00:05:064,	36,	275,	3
549,	00:00:05:064,	43,	284,	2
550,	00:00:05:065,	39,	282,	8
551,	00:00:05:065,	42,	284,	13
552,	00:00:05:065,	52,	290,	13
553,	00:00:05:066,	60,	289,	22
554,	00:00:05:066,	68,	292,	23
555,	00:00:05:066,	65,	296,	20
556,	00:00:05:066,	66,	293,	21
557,	00:00:05:066,	68,	296,	18
558,	00:00:05:066,	63,	301,	24
559,	00:00:05:066,	50,	307,	21
560,	00:00:05:066,	35,	304,	16
561,	00:00:05:066,	20,	301,	21
562,	00:00:05:066,	7,	300,	21
563,	00:00:05:066,	1,	299,	24
564,	00:00:05:066,	-31,	314,	17
565,	00:00:05:066,	-36,	307,	22
566,	00:00:05:066,	-27,	279,	31
567,	00:00:05:066,	-59,	275,	33
568,	00:00:05:066,	-45,	289,	40
569,	00:00:05:080,	-50,	285,	48
570,	00:00:05:080,	-78,	261,	55
571,	00:00:05:080,	-96,	246,	70
572,	00:00:05:080,	-83,	260,	91
573,	00:00:05:080,	-72,	274,	108
574,	00:00:05:080,	-61,	270,	128
575,	00:00:05:080,	-61,	256,	145
576,	00:00:05:081,	-48,	243,	155
577,	00:00:05:081,	-45,	226,	156
578,	00:00:05:081,	-28,	222,	165
579,	00:00:05:081,	-14,	220,	175
580,	00:00:05:081,	0,	235,	178
581,	00:00:05:081,	13,	242,	183
582,	00:00:05:081,	35,	251,	192
583,	00:00:05:081,	54,	269,	194
584,	00:00:05:081,	65,	274,	192
585,	00:00:05:094,	80,	275,	191
586,	00:00:05:094,	98,	276,	181
587,	00:00:05:094,	116,	267,	172
588,	00:00:05:094,	122,	257,	168
589,	00:00:05:094,	127,	258,	156
590,	00:00:05:094,	129,	261,	157
591,	00:00:05:094,	124,	261,	149
592,	00:00:05:094,	119,	264,	145
593,	00:00:05:094,	122,	269,	140
594,	00:00:05:094,	125,	266,	131
595,	00:00:05:094,	128,	262,	125
596,	00:00:05:094,	136,	265,	120
597,	00:00:05:094,	145,	272,	112
598,	00:00:05:094,	151,	275,	116
599,	00:00:05:094,	158,	275,	115
0,	00:00:05:112,	162,	266,	115
1,	00:00:05:113,	164,	261,	104
2,	00:00:05:113,	160,	254,	101
3,	00:00:05:113,	154,	256,	96
4,	00:00:05:113,	141,	263,	95
5,	00:00:05:113,	133,	264,	91
6,	00:00:05:113,	134,	251,	95
7,	00:00:05:113,	128,	251,	88
8,	00:00:05:113,	123,	248,	84
9,	00:00:05:113,	117,	234,	84
10,	00:00:05:113,	123,	242,	79
11,	00:00:05:113,	122,	239,	76
12,	00:00:05:113,	124,	239,	75
13,	00:00:05:113,	125,	245,	66
14,	00:00:05:113,	124,	245,	74
15,	00:00:05:113,	118,	247,	72
16,	00:00:05:113,	116,	249,	67
17,	00:00:05:115,	122,	254,	71
18,	00:00:05:115,	125,	256,	73
19,	00:00:05:115,	124,	257,	69
20,	00:00:05:115,	119,	254,	70
21,	00:00:05:115,	110,	250,	70
22,	00:00:05:115,	106,	251,	71
23,	00:00:05:115,	102,	248,	70
24,	00:00:05:115,	97,	238,	80
25,	00:00:05:115,	89,	237,	79
26,	00:00:05:115,	81,	233,	83
27,	00:00:05:115,	84,	227,	84
28,	00:00:05:115,	80,	218,	85
29,	00:00:05:115,	75,	220,	87
30,	00:00:05:115,	74,	223,	90
31,	00:00:05:115,	64,	227,	82
32,	00:00:05:115,	58,	228,	91
33,	00:00:05:115,	52,	235,	96
34,	00:00:05:116,	42,	241,	100
35,	00:00:05:116,	36,	245,	98
36,	00:00:05:117,	27,	247,	108
37,	00:00:05:117,	12,	256,	109
38,	00:00:05:117,	13,	257,	108
39,	00:00:05:117,	9,	263,	108
40,	00:00:05:117,	-3,	263,	104
41,	00:00:05:117,	-7,	264,	103
42,	00:00:05:117,	-9,	267,	113
43,	00:00:05:117,	-15,	264,	113
44,	00:00:05:117,	-17,	258,	123
45,	00:00:05:117,	-22,	256,	115
46,	00:00:05:117,	-19,	251,	112
47,	00:00:05:117,	-3,	254,	103
48,	00:00:05:117,	-27,	240,	99
49,	00:00:05:117,	-32,	228,	106
50,	00:00:05:118,	-29,	223,	100
51,	00:00:05:118,	-39,	218,	98
52,	00:00:05:118,	-34,	224,	96
53,	00:00:05:118,	-33,	222,	96
54,	00:00:05:118,	-31,	227,	96
55,	00:00:05:118,	-32,	220,	89
56,	00:00:05:118,	-26,	220,	84
57,	00:00:05:118,	-18,	224,	91
58,	00:00:05:118,	-15,	216,	90
59,	00:00:05:118,	-24,	212,	85
60,	00:00:05:118,	-19,	210,	82
61,	00:00:05:118,	-10,	210,	93
62,	00:00:05:118,	-14,	218,	72
63,	00:00:05:118,	-13,	219,	77
64,	00:00:05:119,	1,	210,	75
65,	00:00:05:119,	4,	210,	67
66,	00:00:05:119,	1,	208,	74
67,	00:00:05:120,	9,	207,	63
68,	00:00:05:120,	1,	182,	85
69,	00:00:05:120,	24,	175,	85
70,	00:00:05:120,	41,	145,	107
71,	00:00:05:120,	44,	138,	144
72,	00:00:05:120,	79,	120,	269
73,	00:00:05:120,	155,	146,	374
74,	00:00:05:120,	246,	178,	424
75,	00:00:05:120,	296,	184,	383
76,	00:00:05:120,	274,	160,	308
77,	00:00:05:120,	218,	125,	223
78,	00:00:05:120,	154,	113,	184
79,	00:00:05:120,	99,	115,	148
80,	00:00:05:120,	76,	125,	133
81,	00:00:05:120,	52,	140,	142
82,	00:00:05:120,	30,	122,	167
83,	00:00:05:120,	18,	89,	202
84,	00:00:06:006,	37,	92,	239
85,	00:00:06:006,	66,	89,	267
86,	00:00:06:007,	103,	116,	296
87,	00:00:06:007,	104,	128,	298
88,	00:00:06:007,	97,	139,	278
89,	00:00:06:007,	101,	156,	269
90,	00:00:06:007,	83,	182,	262
91,	00:00:06:007,	73,	197,	249
92,	00:00:06:007,	59,	199,	262
93,	00:00:06:007,	44,	203,	245
94,	00:00:06:007,	37,	189,	243
95,	00:00:06:007,	32,	174,	245
96,	00:00:06:007,	3,	155,	226
97,	00:00:06:007,	-12,	128,	200
98,	00:00:06:007,	-50,	95,	165
99,	00:00:06:007,	-78,	91,	118
100,	00:00:06:020,	-79,	104,	120
101,	00:00:06:020,	-85,	103,	129
102,	00:00:06:020,	-81,	113,	137
103,	00:00:06:020,	-72,	117,	155
104,	00:00:06:020,	-74,	128,	151
105,	00:00:06:020,	-76,	124,	156
106,	00:00:06:020,	-65,	176,	168
107,	00:00:06:020,	-47,	190,	189
108,	00:00:06:020,	-42,	192,	187
109,	00:00:06:020,	-48,	187,	203
110,	00:00:06:020,	-53,	188,	215
111,	00:00:06:020,	-47,	179,	202
112,	00:00:06:020,	-41,	190,	217
113,	00:00:06:020,	-29,	190,	199
114,	00:00:06:020,	-43,	182,	182
115,	00:00:06:020,	-27,	170,	186
116,	00:00:06:035,	-39,	149,	186
117,	00:00:06:035,	-30,	151,	181
118,	00:00:06:035,	-41,	144,	183
119,	00:00:06:035,	-51,	140,	178
120,	00:00:06:035,	-34,	143,	165
121,	00:00:06:035,	-39,	162,	194
122,	00:00:06:035,	-39,	139,	192
123,	00:00:06:035,	-39,	151,	202
124,	00:00:06:035,	-27,	162,	203
125,	00:00:06:035,	-31,	158,	200
126,	00:00:06:035,	-35,	159,	219
127,	00:00:06:035,	-14,	165,	215
128,	00:00:06:035,	-5,	160,	218
129,	00:00:06:035,	2,	162,	216
130,	00:00:06:035,	14,	165,	225
131,	00:00:06:036,	14,	143,	222
132,	00:00:06:036,	17,	144,	220
133,	00:00:06:036,	23,	162,	225
134,	00:00:06:036,	26,	166,	220
135,	00:00:06:036,	37,	178,	219
136,	00:00:06:036,	37,	188,	218
137,	00:00:06:036,	33,	182,	219
138,	00:00:06:036,	27,	176,	216
139,	00:00:06:036,	28,	165,	224
140,	00:00:06:037,	22,	164,	219
141,	00:00:06:037,	23,	137,	233
142,	00:00:06:037,	28,	134,	223
143,	00:00:06:037,	28,	126,	212
144,	00:00:06:037,	31,	129,	220
145,	00:00:06:037,	45,	125,	220
146,	00:00:06:037,	48,	129,	234
147,	00:00:06:038,	58,	134,	223
148,	00:00:06:038,	65,	136,	237
149,	00:00:06:038,	84,	139,	248
150,	00:00:06:038,	76,	138,	245
151,	00:00:06:038,	83,	143,	251
152,	00:00:06:038,	81,	134,	243
153,	00:00:06:038,	72,	127,	242
154,	00:00:06:038,	61,	133,	228
155,	00:00:06:039,	55,	117,	225
156,	00:00:06:039,	50,	110,	225
157,	00:00:06:039,	45,	110,	231
158,	00:00:06:039,	42,	105,	223
159,	00:00:06:039,	23,	92,	225
160,	00:00:06:039,	-11,	78,	208
161,	00:00:06:039,	28,	85,	206
162,	00:00:06:039,	17,	87,	204
163,	00:00:06:040,	34,	96,	215
164,	00:00:06:040,	42,	93,	226
165,	00:00:06:040,	77,	105,	241
166,	00:00:06:040,	74,	108,	251
167,	00:00:06:040,	62,	111,	257
168,	00:00:06:040,	68,	109,	241
169,	00:00:06:040,	65,	110,	259
170,	00:00:06:040,	78,	109,	252
171,	00:00:06:040,	68,	113,	247
172,	00:00:06:040,	55,	107,	244
173,	00:00:06:040,	61,	113,	230
174,	00:00:06:040,	59,	111,	229
175,	00:00:06:040,	63,	99,	235
176,	00:00:06:040,	64,	107,	226
177,	00:00:06:040,	58,	112,	229
178,	00:00:06:040,	40,	111,	231
179,	00:00:06:042,	48,	120,	238
180,	00:00:06:042,	38,	124,	234
181,	00:00:06:042,	28,	125,	232
182,	00:00:06:042,	20,	125,	230
183,	00:00:06:042,	18,	113,	224
184,	00:00:06:042,	16,	109,	230
185,	00:00:06:042,	17,	113,	236
186,	00:00:06:042,	22,	108,	225
187,	00:00:06:042,	29,	103,	230
188,	00:00:06:042,	22,	115,	235
189,	00:00:06:042,	23,	124,	227
190,	00:00:06:042,	20,	125,	234
191,	00:00:06:042,	21,	124,	246
192,	00:00:06:042,	25,	129,	256
193,	00:00:06:042,	23,	130,	253
194,	00:00:06:042,	16,	128,	246
195,	00:00:06:056,	20,	129,	254
196,	00:00:06:056,	21,	132,	252
197,	00:00:06:056,	22,	128,	253
198,	00:00:06:056,	22,	130,	246
199,	00:00:06:056,	31,	122,	253
200,	00:00:06:056,	37,	121,	245
201,	00:00:06:056,	37,	121,	246
202,	00:00:06:056,	34,	113,	239
203,	00:00:06:056,	36,	112,	240
204,	00:00:06:056,	43,	105,	231
205,	00:00:06:056,	24,	101,	240
206,	00:00:06:056,	28,	94,	243
207,	00:00:06:056,	30,	87,	241
208,	00:00:06:056,	20,	86,	254
209,	00:00:06:056,	19,	91,	240
210,	00:00:06:056,	15,	89,	249
211,	00:00:06:056,	11,	89,	238
212,	00:00:06:069,	34,	81,	267
213,	00:00:06:069,	39,	98,	252
214,	00:00:06:069,	39,	96,	259
215,	00:00:06:070,	44,	99,	262
216,	00:00:06:070,	53,	107,	274
217,	00:00:06:070,	46,	102,	268
218,	00:00:06:070,	52,	99,	281
219,	00:00:06:070,	56,	103,	284
220,	00:00:06:070,	59,	100,	271
221,	00:00:06:070,	76,	93,	276
222,	00:00:06:070,	73,	86,	264
223,	00:00:06:070,	72,	83,	242
224,	00:00:06:070,	78,	59,	239
225,	00:00:06:070,	75,	48,	222
226,	00:00:06:070,	55,	50,	220
227,	00:00:06:070,	62,	62,	215
228,	00:00:06:084,	69,	69,	209
229,	00:00:06:084,	74,	100,	224
230,	00:00:06:084,	78,	94,	223
231,	00:00:06:084,	70,	112,	231
232,	00:00:06:084,	68,	121,	229
233,	00:00:06:084,	73,	129,	241
234,	00:00:06:084,	79,	123,	252
235,	00:00:06:084,	71,	140,	255
236,	00:00:06:084,	72,	128,	254
237,	00:00:06:084,	65,	106,	256
238,	00:00:06:084,	50,	103,	245
239,	00:00:06:084,	51,	85,	232
240,	00:00:06:084,	60,	81,	246
241,	00:00:06:084,	57,	81,	256
242,	00:00:06:085,	59,	75,	262
243,	00:00:06:085,	64,	68,	256
244,	00:00:06:086,	68,	60,	259
245,	00:00:06:086,	59,	61,	256
246,	00:00:06:086,	68,	47,	262
247,	00:00:06:086,	74,	50,	248
248,	00:00:06:086,	72,	61,	251
249,	00:00:06:086,	65,	57,	240
250,	00:00:06:086,	68,	65,	244
251,	00:00:06:086,	62,	78,	233
252,	00:00:06:086,	62,	107,	245
253,	00:00:06:086,	67,	93,	257
254,	00:00:06:086,	60,	87,	252
255,	00:00:06:086,	59,	93,	255
256,	00:00:06:086,	59,	105,	254
257,	00:00:06:086,	53,	75,	256
258,	00:00:06:086,	63,	82,	269
259,	00:00:06:086,	60,	96,	267
260,	00:00:06:086,	66,	95,	253
261,	00:00:06:087,	69,	94,	247
262,	00:00:06:087,	52,	92,	259
263,	00:00:06:087,	56,	87,	253
264,	00:00:06:087,	48,	83,	241
265,	00:00:06:087,	53,	79,	244
266,	00:00:06:088,	59,	67,	227
267,	00:00:06:088,	47,	65,	223
268,	00:00:06:088,	62,	83,	229
269,	00:00:06:088,	50,	72,	221
270,	00:00:06:088,	46,	66,	208
271,	00:00:06:088,	30,	64,	205
272,	00:00:06:088,	28,	71,	201
273,	00:00:06:088,	18,	71,	208
274,	00:00:06:088,	26,	58,	217
275,	00:00:06:088,	11,	64,	207
276,	00:00:06:088,	43,	53,	214
277,	00:00:06:089,	36,	53,	223
278,	00:00:06:089,	41,	64,	239
279,	00:00:06:089,	49,	63,	231
280,	00:00:06:089,	41,	52,	236
281,	00:00:06:089,	38,	44,	229
282,	00:00:06:089,	39,	44,	241
283,	00:00:06:089,	31,	46,	245
284,	00:00:06:090,	43,	45,	263
285,	00:00:06:090,	52,	61,	274
286,	00:00:06:090,	41,	58,	276
287,	00:00:06:090,	39,	64,	281
288,	00:00:06:090,	47,	71,	279
289,	00:00:06:090,	29,	70,	278
290,	00:00:06:090,	31,	69,	292
291,	00:00:06:090,	31,	70,	286
292,	00:00:06:090,	41,	64,	292
293,	00:00:06:090,	36,	62,	280
294,	00:00:06:091,	42,	56,	276
295,	00:00:06:091,	36,	52,	265
296,	00:00:06:091,	36,	48,	260
297,	00:00:06:091,	38,	40,	250
298,	00:00:06:091,	25,	48,	253
299,	00:00:06:091,	26,	40,	257
300,	00:00:06:120,	11,	46,	245
301,	00:00:06:121,	22,	54,	255
302,	00:00:06:121,	13,	49,	272
303,	00:00:06:121,	17,	49,	249
304,	00:00:06:121,	13,	56,	269
305,	00:00:06:121,	2,	49,	261
306,	00:00:06:121,	10,	47,	259
307,	00:00:06:121,	13,	42,	255
308,	00:00:06:121,	20,	58,	238
309,	00:00:06:121,	18,	58,	250
310,	00:00:07:007,	-29,	-115,	-312
311,	00:00:07:007,	-15,	-126,	-317
312,	00:00:07:008,	-9,	-131,	-301
313,	00:00:07:008,	-1,	-132,	-305
314,	00:00:07:008,	8,	-133,	-290
315,	00:00:07:008,	15,	-133,	-283
316,	00:00:07:008,	21,	-133,	-276
317,	00:00:07:008,	35,	-141,	-269
318,	00:00:07:008,	31,	-127,	-263
319,	00:00:07:008,	31,	-121,	-265
320,	00:00:07:008,	34,	-123,	-265
321,	00:00:07:008,	25,	-121,	-255
322,	00:00:07:008,	25,	-117,	-251
323,	00:00:07:008,	29,	-103,	-257
324,	00:00:07:008,	23,	-88,	-255
325,	00:00:07:009,	12,	-70,	-265
326,	00:00:07:009,	7,	-73,	-269
327,	00:00:07:009,	9,	-80,	-273
328,	00:00:07:009,	26,	41,	269
329,	00:00:07:009,	25,	54,	277
330,	00:00:07:009,	20,	50,	267
331,	00:00:07:009,	16,	66,	261
332,	00:00:07:009,	29,	65,	258
333,	00:00:07:009,	26,	69,	260
334,	00:00:07:009,	19,	74,	264
335,	00:00:07:009,	12,	77,	258
336,	00:00:07:009,	21,	92,	255
337,	00:00:07:009,	21,	84,	255
338,	00:00:07:009,	17,	81,	257
339,	00:00:07:010,	26,	84,	252
340,	00:00:07:010,	40,	79,	258
341,	00:00:07:010,	34,	72,	256
342,	00:00:07:011,	46,	74,	251
343,	00:00:07:011,	44,	69,	250
344,	00:00:07:011,	51,	64,	253
345,	00:00:07:011,	56,	61,	246
346,	00:00:07:011,	61,	56,	247
347,	00:00:07:011,	60,	52,	254
348,	00:00:07:011,	65,	45,	249
349,	00:00:07:011,	73,	41,	262
350,	00:00:07:011,	71,	32,	264
351,	00:00:07:011,	68,	29,	282
352,	00:00:07:011,	62,	35,	284
353,	00:00:07:011,	61,	32,	301
354,	00:00:07:011,	57,	32,	302
355,	00:00:07:011,	47,	37,	312
356,	00:00:07:011,	34,	32,	299
357,	00:00:07:011,	19,	34,	300
358,	00:00:07:013,	7,	-71,	-288
359,	00:00:07:013,	14,	37,	309
360,	00:00:07:013,	28,	38,	308
361,	00:00:07:013,	41,	32,	321
362,	00:00:07:013,	39,	7,	323
363,	00:00:07:013,	42,	-10,	307
364,	00:00:07:013,	48,	-33,	301
365,	00:00:07:013,	59,	-32,	299
366,	00:00:07:013,	88,	-44,	265
367,	00:00:07:013,	85,	-44,	273
368,	00:00:07:013,	84,	-56,	267
369,	00:00:07:013,	84,	-63,	255
370,	00:00:07:013,	79,	-57,	267
371,	00:00:07:013,	78,	-56,	261
372,	00:00:07:013,	82,	-45,	241
373,	00:00:07:013,	75,	-50,	229
374,	00:00:07:014,	74,	-29,	212
375,	00:00:07:014,	73,	-28,	201
376,	00:00:07:014,	58,	-17,	208
377,	00:00:07:015,	57,	-18,	201
378,	00:00:07:015,	70,	-2,	200
379,	00:00:07:015,	61,	6,	195
380,	00:00:07:015,	62,	13,	211
381,	00:00:07:015,	60,	16,	203
382,	00:00:07:015,	51,	23,	212
383,	00:00:07:015,	55,	26,	210
384,	00:00:07:015,	69,	32,	221
385,	00:00:07:015,	55,	32,	217
386,	00:00:07:015,	138,	57,	238
387,	00:00:07:015,	77,	31,	240
388,	00:00:07:015,	68,	3,	220
389,	00:00:07:015,	61,	-41,	196
390,	00:00:07:015,	46,	-58,	170
391,	00:00:07:016,	59,	-75,	166
392,	00:00:07:016,	61,	-73,	162
393,	00:00:07:016,	74,	-99,	155
394,	00:00:07:016,	83,	-103,	157
395,	00:00:07:016,	84,	-97,	164
396,	00:00:07:016,	110,	-77,	166
397,	00:00:07:016,	148,	-73,	181
398,	00:00:07:016,	168,	-85,	190
399,	00:00:07:016,	172,	-105,	217
400,	00:00:07:016,	166,	-111,	231
401,	00:00:07:016,	141,	-105,	238
402,	00:00:07:016,	116,	-89,	237
403,	00:00:07:016,	96,	-87,	243
404,	00:00:07:016,	88,	-89,	268
405,	00:00:07:017,	74,	-77,	269
406,	00:00:07:018,	55,	-57,	280
407,	00:00:07:018,	31,	-20,	335
408,	00:00:07:018,	1,	82,	444
409,	00:00:07:018,	4,	142,	457
410,	00:00:07:018,	40,	124,	361
411,	00:00:07:018,	80,	56,	306
412,	00:00:07:018,	101,	27,	304
413,	00:00:07:018,	68,	2,	337
414,	00:00:07:018,	38,	-25,	335
415,	00:00:07:018,	16,	-49,	331
416,	00:00:07:018,	3,	-60,	317
417,	00:00:07:018,	0,	-76,	311
418,	00:00:07:018,	12,	-95,	303
419,	00:00:07:018,	19,	-107,	286
420,	00:00:07:018,	31,	-138,	265
421,	00:00:07:018,	44,	-137,	259
422,	00:00:07:018,	52,	-140,	252
423,	00:00:07:032,	42,	-140,	235
424,	00:00:07:032,	53,	-126,	225
425,	00:00:07:032,	56,	-115,	230
426,	00:00:07:032,	56,	-102,	186
427,	00:00:07:032,	50,	-98,	179
428,	00:00:07:032,	64,	-106,	170
429,	00:00:07:032,	67,	-94,	164
430,	00:00:07:032,	61,	-84,	155
431,	00:00:07:032,	68,	-97,	169
432,	00:00:07:032,	52,	-104,	157
433,	00:00:07:032,	40,	-111,	175
434,	00:00:07:032,	34,	-125,	156
435,	00:00:07:032,	23,	-132,	139
436,	00:00:07:032,	23,	-134,	144
437,	00:00:07:032,	1,	-138,	142
438,	00:00:07:045,	-85,	-31,	-270
439,	00:00:07:046,	-79,	-31,	-265
440,	00:00:07:046,	-76,	-22,	-263
441,	00:00:07:046,	-72,	-19,	-262
442,	00:00:07:046,	-60,	-19,	-265
443,	00:00:07:046,	-65,	-12,	-264
444,	00:00:07:046,	-54,	-16,	-257
445,	00:00:07:046,	-54,	-20,	-258
446,	00:00:07:046,	-56,	-32,	-262
447,	00:00:07:046,	-58,	-25,	-254
448,	00:00:07:046,	-58,	-13,	-257
449,	00:00:07:046,	-57,	-22,	-258
450,	00:00:07:046,	-66,	-21,	-252
451,	00:00:07:046,	-74,	-12,	-249
452,	00:00:07:046,	-13,	-192,	221
453,	00:00:07:060,	-77,	-18,	-257
454,	00:00:07:060,	-81,	-11,	-254
455,	00:00:07:060,	-79,	-6,	-253
456,	00:00:07:060,	-84,	-5,	-247
457,	00:00:07:060,	-80,	-8,	-252
458,	00:00:07:060,	-78,	-10,	-251
459,	00:00:07:060,	-78,	-2,	-251
460,	00:00:07:060,	-80,	-5,	-240
461,	00:00:07:060,	-76,	-2,	-240
462,	00:00:07:060,	-75,	-6,	-234
463,	00:00:07:060,	-70,	-14,	-236
464,	00:00:07:060,	-76,	-8,	-222
465,	00:00:07:060,	-77,	-22,	-205
466,	00:00:07:061,	-72,	-20,	-212
467,	00:00:07:061,	-72,	-13,	-213
468,	00:00:07:061,	-78,	-16,	-205
469,	00:00:07:062,	-68,	-17,	-215
470,	00:00:07:062,	-64,	-18,	-218
471,	00:00:07:062,	-72,	-18,	-226
472,	00:00:07:062,	-62,	-20,	-230
473,	00:00:07:062,	-77,	-14,	-227
474,	00:00:07:062,	-83,	-20,	-229
475,	00:00:07:062,	-85,	-26,	-237
476,	00:00:07:062,	-96,	-15,	-235
477,	00:00:07:062,	-80,	-19,	-223
478,	00:00:07:062,	-82,	-26,	-228
479,	00:00:07:062,	-87,	-34,	-223
480,	00:00:07:062,	-79,	-36,	-207
481,	00:00:07:062,	-71,	-41,	-197
482,	00:00:07:062,	-69,	-35,	-189
483,	00:00:07:062,	2,	-189,	159
484,	00:00:07:065,	-63,	-45,	-160
485,	00:00:07:065,	-61,	-37,	-141
486,	00:00:07:065,	-74,	-45,	-113
487,	00:00:07:065,	-67,	-44,	-115
488,	00:00:07:065,	-69,	-41,	-115
489,	00:00:07:065,	-69,	-39,	-106
490,	00:00:07:065,	-62,	-40,	-110
491,	00:00:07:065,	-64,	-39,	-108
492,	00:00:07:065,	-64,	-39,	-121
493,	00:00:07:065,	-70,	-35,	-136
494,	00:00:07:065,	-74,	-35,	-147
495,	00:00:07:065,	-64,	-32,	-148
496,	00:00:07:065,	-62,	-30,	-161
497,	00:00:07:065,	-61,	-28,	-150
498,	00:00:07:065,	-70,	-20,	-155
499,	00:00:07:066,	-65,	-14,	-160
500,	00:00:07:066,	-66,	-24,	-156
501,	00:00:07:066,	-66,	-37,	-149
502,	00:00:07:066,	-70,	-35,	-141
503,	00:00:07:066,	-67,	-31,	-142
504,	00:00:07:066,	-63,	-29,	-140
505,	00:00:07:066,	-66,	-30,	-130
506,	00:00:07:066,	-69,	-30,	-124
507,	00:00:07:066,	-67,	-31,	-117
508,	00:00:07:067,	-66,	-33,	-110
509,	00:00:07:067,	-65,	-30,	-97
510,	00:00:07:067,	-64,	-29,	-89
511,	00:00:07:067,	-66,	-21,	-93
512,	00:00:07:067,	-64,	-21,	-95
513,	00:00:07:067,	-45,	-19,	-83
514,	00:00:07:068,	40,	-328,	22
515,	00:00:07:068,	30,	-315,	23
516,	00:00:07:068,	8,	-301,	41
517,	00:00:07:068,	-2,	-269,	47
518,	00:00:07:068,	-11,	-278,	42
519,	00:00:07:068,	-1,	-257,	54
520,	00:00:07:068,	-3,	-220,	49
521,	00:00:07:068,	8,	-212,	37
522,	00:00:07:068,	24,	-210,	17
523,	00:00:07:068,	35,	-195,	15
524,	00:00:07:068,	30,	-193,	-9
525,	00:00:07:068,	27,	-191,	-33
526,	00:00:07:068,	62,	-163,	-57
527,	00:00:07:068,	69,	-199,	-102
528,	00:00:07:068,	59,	-252,	-100
529,	00:00:07:068,	86,	-256,	-118
530,	00:00:07:082,	-24,	-49,	-47
531,	00:00:07:082,	-20,	-52,	-40
532,	00:00:07:082,	-17,	-45,	-35
533,	00:00:07:082,	-11,	-40,	-33
534,	00:00:07:082,	-7,	-46,	-26
535,	00:00:07:082,	-10,	-28,	-29
536,	00:00:07:082,	-8,	-20,	-27
537,	00:00:07:082,	0,	-9,	-30
538,	00:00:07:082,	-4,	-2,	-19
539,	00:00:07:082,	-10,	0,	-20
540,	00:00:07:082,	-5,	6,	-25
541,	00:00:07:082,	-9,	16,	-19
542,	00:00:07:083,	-7,	19,	-31
543,	00:00:07:083,	-13,	31,	-33
544,	00:00:07:083,	-9,	26,	-33
545,	00:00:07:083,	-48,	-215,	-48
546,	00:00:07:096,	-16,	44,	-29
547,	00:00:07:096,	-20,	44,	-33
548,	00:00:07:096,	-16,	50,	-31
549,	00:00:07:096,	-14,	52,	-20
550,	00:00:07:096,	-11,	43,	-10
551,	00:00:07:096,	-18,	29,	-30
552,	00:00:07:096,	-18,	26,	-21
553,	00:00:07:096,	-20,	27,	-30
554,	00:00:07:096,	-27,	26,	-32
555,	00:00:07:096,	-28,	18,	-41
556,	00:00:07:096,	-27,	26,	-41
557,	00:00:07:096,	-34,	17,	-43
558,	00:00:07:096,	-26,	13,	-46
559,	00:00:07:096,	-39,	5,	-46
560,	00:00:07:096,	-20,	14,	-48
561,	00:00:07:096,	-18,	11,	-54
562,	00:00:07:110,	-32,	8,	-69
563,	00:00:07:110,	-14,	3,	-69
564,	00:00:07:110,	-14,	5,	-74
565,	00:00:07:110,	0,	-6,	-83
566,	00:00:07:110,	3,	-15,	-85
567,	00:00:07:110,	9,	-29,	-85
568,	00:00:07:110,	17,	-33,	-87
569,	00:00:07:110,	24,	-29,	-82
570,	00:00:07:110,	27,	-21,	-89
571,	00:00:07:110,	22,	-14,	-86
572,	00:00:07:111,	25,	-17,	-87
573,	00:00:07:111,	10,	-16,	-84
574,	00:00:07:111,	-1,	-23,	-92
575,	00:00:07:111,	-4,	-34,	-108
576,	00:00:07:111,	-10,	-54,	-97
577,	00:00:07:111,	1,	-73,	-90
578,	00:00:07:112,	8,	-90,	-88
579,	00:00:07:112,	20,	-97,	-93
580,	00:00:07:112,	15,	-97,	-76
581,	00:00:07:112,	9,	-95,	-73
582,	00:00:07:112,	15,	-84,	-65
583,	00:00:07:112,	8,	-74,	-63
584,	00:00:07:112,	18,	-69,	-70
585,	00:00:07:112,	13,	-56,	-69
586,	00:00:07:112,	12,	-50,	-72
587,	00:00:07:112,	14,	-51,	-74
588,	00:00:07:112,	13,	-41,	-74
589,	00:00:07:112,	19,	-40,	-69
590,	00:00:07:112,	15,	-28,	-79
591,	00:00:07:112,	16,	-26,	-92
592,	00:00:07:112,	6,	-25,	-85
593,	00:00:07:112,	15,	-25,	-110
594,	00:00:07:113,	6,	-20,	-113
595,	00:00:07:113,	16,	-22,	-121
596,	00:00:07:114,	7,	-19,	-125
597,	00:00:07:114,	9,	-19,	-134
598,	00:00:07:114,	5,	-16,	-137
599,	00:00:07:114,	7,	-14,	-147
0,	00:00:08:072,	11,	-16,	-161
1,	00:00:08:073,	17,	-26,	-166
2,	00:00:08:073,	19,	-27,	-171
3,	00:00:08:073,	17,	-31,	-176
4,	00:00:08:073,	36,	-47,	-177
5,	00:00:08:073,	40,	-45,	-187
6,	00:00:08:073,	43,	-54,	-169
7,	00:00:08:073,	44,	-63,	-174
8,	00:00:08:073,	50,	-58,	-176
9,	00:00:08:073,	47,	-61,	-188
10,	00:00:08:075,	53,	-68,	-185
11,	00:00:08:075,	55,	-68,	-186
12,	00:00:08:075,	58,	-68,	-192
13,	00:00:08:075,	55,	-71,	-184
14,	00:00:08:075,	59,	-61,	-198
15,	00:00:08:075,	46,	-56,	-215
16,	00:00:08:075,	63,	-54,	-202
17,	00:00:08:075,	61,	-50,	-223
18,	00:00:08:075,	60,	-51,	-226
19,	00:00:08:075,	53,	-46,	-237
20,	00:00:08:075,	43,	-39,	-252
21,	00:00:08:075,	29,	-32,	-262
22,	00:00:08:075,	22,	-22,	-275
23,	00:00:08:075,	36,	-34,	-275
24,	00:00:08:075,	32,	-39,	-296
25,	00:00:08:076,	22,	-38,	-310
26,	00:00:08:077,	19,	-33,	-296
27,	00:00:08:077,	25,	-35,	-301
28,	00:00:08:077,	19,	-31,	-307
29,	00:00:08:077,	31,	-30,	-299
30,	00:00:08:077,	34,	-33,	-295
31,	00:00:08:077,	35,	-37,	-307
32,	00:00:08:077,	30,	-27,	-295
33,	00:00:08:077,	32,	-21,	-294
34,	00:00:08:077,	32,	-21,	-298
35,	00:00:08:077,	41,	-31,	-300
36,	00:00:08:077,	35,	-27,	-308
37,	00:00:08:077,	49,	-32,	-302
38,	00:00:08:077,	55,	-38,	-310
39,	00:00:08:077,	50,	-41,	-307
40,	00:00:08:077,	51,	-47,	-328
41,	00:00:08:077,	57,	-60,	-334
42,	00:00:08:091,	61,	-61,	-344
43,	00:00:08:091,	65,	-65,	-347
44,	00:00:08:091,	65,	-76,	-344
45,	00:00:08:091,	60,	-78,	-344
46,	00:00:08:092,	56,	-92,	-356
47,	00:00:08:092,	60,	-94,	-364
48,	00:00:08:092,	58,	-95,	-368
49,	00:00:08:092,	52,	-85,	-365
50,	00:00:08:092,	56,	-88,	-372
51,	00:00:08:092,	48,	-77,	-378
52,	00:00:08:092,	48,	-66,	-385
53,	00:00:08:092,	48,	-60,	-386
54,	00:00:08:092,	44,	-55,	-383
55,	00:00:08:092,	47,	-48,	-386
56,	00:00:08:092,	38,	-42,	-388
57,	00:00:08:092,	27,	-33,	-391
58,	00:00:08:105,	29,	-25,	-397
59,	00:00:08:105,	21,	-18,	-394
60,	00:00:08:105,	14,	-14,	-396
61,	00:00:08:105,	10,	-14,	-398
62,	00:00:08:105,	5,	-6,	-403
63,	00:00:08:105,	2,	-10,	-402
64,	00:00:08:105,	-4,	-11,	-401
65,	00:00:08:105,	-8,	-15,	-403
66,	00:00:08:105,	-10,	-15,	-406
67,	00:00:08:105,	-4,	-18,	-404
68,	00:00:08:105,	-2,	-18,	-409
69,	00:00:08:105,	-2,	-20,	-403
70,	00:00:08:105,	-3,	-19,	-398
71,	00:00:08:105,	-7,	-13,	-407
72,	00:00:08:105,	-9,	-6,	-406
73,	00:00:08:105,	-3,	-18,	-393
74,	00:00:08:120,	3,	-22,	-395
75,	00:00:08:120,	4,	-27,	-391
76,	00:00:08:120,	5,	-23,	-400
77,	00:00:08:120,	11,	-32,	-395
78,	00:00:08:120,	16,	-43,	-390
79,	00:00:08:120,	24,	-42,	-382
80,	00:00:08:120,	22,	-56,	-373
81,	00:00:08:120,	40,	-57,	-355
82,	00:00:08:120,	48,	-69,	-347
83,	00:00:08:120,	55,	-67,	-358
84,	00:00:08:120,	53,	-72,	-345
85,	00:00:08:120,	53,	-67,	-343
86,	00:00:08:120,	50,	-67,	-358
87,	00:00:08:120,	67,	-70,	-345
88,	00:00:08:120,	74,	-71,	-339
89,	00:00:08:120,	75,	-69,	-344
90,	00:00:08:120,	71,	-67,	-354
91,	00:00:08:121,	69,	-61,	-351
92,	00:00:08:121,	76,	-56,	-356
93,	00:00:08:121,	70,	-57,	-351
94,	00:00:08:121,	57,	-50,	-361
95,	00:00:08:121,	62,	-39,	-358
96,	00:00:08:121,	63,	-29,	-364
97,	00:00:08:122,	66,	-27,	-360
98,	00:00:08:122,	73,	-18,	-351
99,	00:00:08:122,	68,	-11,	-374
100,	00:00:08:122,	63,	-15,	-380
101,	00:00:08:122,	72,	4,	-376
102,	00:00:08:122,	66,	10,	-395
103,	00:00:08:122,	59,	16,	-400
104,	00:00:08:122,	57,	30,	-406
105,	00:00:08:122,	41,	30,	-424
106,	00:00:08:122,	43,	45,	-428
107,	00:00:08:123,	39,	48,	-424
108,	00:00:08:123,	28,	57,	-422
109,	00:00:08:123,	19,	68,	-430
110,	00:00:08:124,	12,	81,	-434
111,	00:00:08:124,	6,	88,	-435
112,	00:00:08:124,	-1,	95,	-443
113,	00:00:08:124,	-7,	103,	-447
114,	00:00:08:124,	-12,	105,	-451
115,	00:00:08:124,	-18,	110,	-454
116,	00:00:08:124,	-21,	114,	-466
117,	00:00:08:124,	-24,	112,	-470
118,	00:00:08:124,	-19,	111,	-481
119,	00:00:08:124,	-20,	113,	-485
120,	00:00:08:124,	-23,	106,	-490
121,	00:00:08:124,	-21,	106,	-499
122,	00:00:08:125,	-26,	107,	-504
123,	00:00:08:125,	-23,	106,	-502
124,	00:00:08:125,	-29,	105,	-507
125,	00:00:08:125,	-33,	103,	-509
126,	00:00:08:125,	-37,	104,	-513
127,	00:00:08:125,	-38,	102,	-517
128,	00:00:08:125,	-41,	99,	-516
129,	00:00:08:125,	-42,	100,	-529
130,	00:00:08:125,	-46,	99,	-537
131,	00:00:08:125,	-49,	100,	-544
132,	00:00:08:125,	-46,	100,	-545
133,	00:00:08:125,	-59,	93,	-556
134,	00:00:08:125,	-61,	88,	-564
135,	00:00:08:126,	-63,	84,	-566
136,	00:00:08:126,	-66,	84,	-574
137,	00:00:08:127,	-65,	82,	-578
138,	00:00:08:127,	-65,	74,	-578
139,	00:00:08:127,	-70,	72,	-583
140,	00:00:08:127,	-71,	68,	-586
141,	00:00:08:127,	-69,	61,	-580
142,	00:00:08:127,	-75,	56,	-576
143,	00:00:08:127,	-73,	49,	-573
144,	00:00:08:127,	-66,	41,	-570
145,	00:00:08:127,	-66,	39,	-563
146,	00:00:08:127,	-61,	28,	-555
147,	00:00:08:127,	-56,	24,	-550
148,	00:00:08:127,	-47,	18,	-543
149,	00:00:08:127,	-38,	16,	-539
150,	00:00:08:127,	-34,	13,	-533
151,	00:00:08:127,	-31,	11,	-528
152,	00:00:08:127,	-19,	10,	-516
153,	00:00:09:013,	-19,	7,	-509
154,	00:00:09:013,	-18,	6,	-497
155,	00:00:09:013,	-15,	7,	-491
156,	00:00:09:013,	-6,	6,	-485
157,	00:00:09:013,	-6,	9,	-480
158,	00:00:09:013,	-3,	7,	-466
159,	00:00:09:013,	0,	11,	-469
160,	00:00:09:014,	3,	7,	-456
161,	00:00:09:014,	5,	9,	-452
162,	00:00:09:014,	4,	6,	-442
163,	00:00:09:014,	11,	14,	-437
164,	00:00:09:014,	9,	7,	-431
165,	00:00:09:014,	10,	2,	-420
166,	00:00:09:014,	16,	1,	-416
167,	00:00:09:014,	15,	0,	-402
168,	00:00:09:014,	22,	-2,	-394
169,	00:00:09:027,	21,	-2,	-387
170,	00:00:09:027,	26,	-2,	-381
171,	00:00:09:027,	30,	1,	-379
172,	00:00:09:027,	34,	-2,	-368
173,	00:00:09:027,	31,	2,	-358
174,	00:00:09:027,	28,	6,	-359
175,	00:00:09:027,	28,	6,	-348
176,	00:00:09:027,	30,	7,	-333
177,	00:00:09:027,	28,	6,	-325
178,	00:00:09:027,	29,	9,	-318
179,	00:00:09:027,	30,	9,	-311
180,	00:00:09:027,	32,	7,	-303
181,	00:00:09:027,	37,	7,	-294
182,	00:00:09:027,	39,	13,	-292
183,	00:00:09:027,	45,	8,	-286
184,	00:00:09:027,	49,	8,	-278
185,	00:00:09:027,	53,	7,	-274
186,	00:00:09:042,	58,	7,	-263
187,	00:00:09:042,	55,	7,	-256
188,	00:00:09:042,	55,	8,	-251
189,	00:00:09:042,	59,	9,	-244
190,	00:00:09:042,	64,	8,	-237
191,	00:00:09:042,	65,	10,	-224
192,	00:00:09:042,	64,	7,	-215
193,	00:00:09:042,	63,	11,	-206
194,	00:00:09:042,	73,	17,	-199
195,	00:00:09:042,	71,	15,	-194
196,	00:00:09:042,	75,	21,	-187
197,	00:00:09:042,	77,	15,	-188
198,	00:00:09:042,	80,	7,	-183
199,	00:00:09:042,	82,	0,	-174
200,	00:00:09:042,	82,	-1,	-166
201,	00:00:09:042,	85,	0,	-153
202,	00:00:09:043,	91,	2,	-145
203,	00:00:09:043,	88,	7,	-138
204,	00:00:09:043,	88,	8,	-128
205,	00:00:09:043,	84,	12,	-119
206,	00:00:09:043,	79,	12,	-106
207,	00:00:09:043,	79,	12,	-94
208,	00:00:09:043,	76,	13,	-83
209,	00:00:09:043,	75,	13,	-74
210,	00:00:09:044,	72,	18,	-78
211,	00:00:09:044,	75,	14,	-79
212,	00:00:09:044,	73,	15,	-78
213,	00:00:09:044,	75,	15,	-81
214,	00:00:09:044,	76,	17,	-82
215,	00:00:09:044,	79,	20,	-79
216,	00:00:09:044,	81,	20,	-75
217,	00:00:09:044,	79,	22,	-70
218,	00:00:09:045,	79,	27,	-67
219,	00:00:09:045,	85,	24,	-60
220,	00:00:09:045,	86,	26,	-56
221,	00:00:09:045,	89,	26,	-56
222,	00:00:09:045,	88,	28,	-55
223,	00:00:09:045,	92,	25,	-54
224,	00:00:09:045,	90,	21,	-52
225,	00:00:09:045,	95,	27,	-48
226,	00:00:09:045,	86,	17,	-45
227,	00:00:09:045,	88,	15,	-46
228,	00:00:09:045,	83,	11,	-42
229,	00:00:09:045,	84,	13,	-44
230,	00:00:09:045,	83,	12,	-48
231,	00:00:09:045,	80,	10,	-42
232,	00:00:09:045,	79,	9,	-45
233,	00:00:09:045,	76,	9,	-40
234,	00:00:09:045,	74,	8,	-36
235,	00:00:09:047,	79,	5,	-33
236,	00:00:09:047,	82,	6,	-27
237,	00:00:09:047,	84,	10,	-29
238,	00:00:09:047,	85,	9,	-24
239,	00:00:09:047,	90,	10,	-25
240,	00:00:09:047,	95,	11,	-18
241,	00:00:09:047,	96,	10,	-11
242,	00:00:09:047,	98,	13,	-13
243,	00:00:09:047,	97,	12,	-4
244,	00:00:09:047,	97,	16,	-7
245,	00:00:09:047,	98,	16,	-8
246,	00:00:09:047,	97,	18,	-6
247,	00:00:09:047,	93,	21,	-4
248,	00:00:09:047,	93,	27,	-4
249,	00:00:09:047,	91,	32,	1
250,	00:00:09:047,	83,	40,	4
251,	00:00:09:047,	89,	48,	5
252,	00:00:09:049,	75,	68,	12
253,	00:00:09:049,	84,	70,	9
254,	00:00:09:049,	103,	74,	12
255,	00:00:09:049,	106,	78,	11
256,	00:00:09:049,	111,	89,	9
257,	00:00:09:049,	118,	78,	11
258,	00:00:09:049,	121,	76,	14
259,	00:00:09:049,	116,	72,	10
260,	00:00:09:049,	116,	66,	11
261,	00:00:09:049,	118,	54,	9
262,	00:00:09:049,	112,	56,	1
263,	00:00:09:049,	109,	52,	-4
264,	00:00:09:049,	105,	47,	-1
265,	00:00:09:049,	102,	47,	-14
266,	00:00:09:049,	102,	46,	-16
267,	00:00:09:049,	107,	45,	-13
268,	00:00:09:049,	105,	43,	-18
269,	00:00:09:063,	107,	48,	-21
270,	00:00:09:063,	108,	52,	-20
271,	00:00:09:063,	108,	56,	-15
272,	00:00:09:063,	110,	59,	-23
273,	00:00:09:063,	114,	64,	-27
274,	00:00:09:063,	119,	67,	-30
275,	00:00:09:063,	121,	69,	-34
276,	00:00:09:063,	125,	71,	-41
277,	00:00:09:063,	127,	68,	-42
278,	00:00:09:063,	128,	64,	-48
279,	00:00:09:063,	128,	63,	-51
280,	00:00:09:063,	131,	56,	-64
281,	00:00:09:063,	130,	51,	-61
282,	00:00:09:063,	133,	47,	-66
283,	00:00:09:063,	134,	48,	-79
284,	00:00:09:063,	136,	46,	-93
285,	00:00:09:077,	140,	45,	-95
286,	00:00:09:077,	138,	45,	-107
287,	00:00:09:077,	140,	52,	-112
288,	00:00:09:077,	131,	51,	-121
289,	00:00:09:077,	132,	54,	-132
290,	00:00:09:077,	129,	55,	-132
291,	00:00:09:077,	123,	61,	-136
292,	00:00:09:077,	124,	68,	-145
293,	00:00:09:077,	127,	71,	-152
294,	00:00:09:077,	116,	81,	-159
295,	00:00:09:077,	117,	82,	-169
296,	00:00:09:077,	114,	85,	-175
297,	00:00:09:077,	113,	80,	-178
298,	00:00:09:077,	111,	73,	-185
299,	00:00:09:077,	110,	69,	-188
300,	00:00:09:095,	109,	66,	-197
301,	00:00:09:096,	110,	61,	-200
302,	00:00:09:096,	111,	58,	-205
303,	00:00:09:096,	114,	61,	-212
304,	00:00:09:096,	118,	60,	-221
305,	00:00:09:096,	113,	62,	-218
306,	00:00:09:096,	119,	57,	-223
307,	00:00:09:096,	123,	58,	-234
308,	00:00:09:096,	128,	58,	-244
309,	00:00:09:096,	134,	62,	-253
310,	00:00:09:096,	136,	57,	-253
311,	00:00:09:096,	134,	54,	-262
312,	00:00:09:096,	129,	51,	-266
313,	00:00:09:096,	128,	50,	-271
314,	00:00:09:096,	128,	44,	-272
315,	00:00:09:096,	128,	40,	-269
316,	00:00:09:098,	128,	44,	-280
317,	00:00:09:098,	130,	42,	-288
318,	00:00:09:098,	130,	46,	-291
319,	00:00:09:098,	126,	43,	-311
320,	00:00:09:098,	129,	40,	-319
321,	00:00:09:098,	124,	37,	-319
322,	00:00:09:098,	124,	35,	-329
323,	00:00:09:098,	116,	45,	-340
324,	00:00:09:098,	111,	40,	-336
325,	00:00:09:098,	113,	44,	-354
326,	00:00:09:098,	112,	41,	-364
327,	00:00:09:098,	111,	38,	-363
328,	00:00:09:098,	103,	41,	-376
329,	00:00:09:098,	107,	38,	-380
330,	00:00:09:098,	105,	39,	-391
331,	00:00:09:099,	103,	39,	-396
332,	00:00:09:099,	98,	34,	-403
333,	00:00:09:099,	94,	31,	-416
334,	00:00:09:099,	93,	30,	-422
335,	00:00:09:099,	88,	23,	-422
336,	00:00:09:100,	87,	21,	-422
337,	00:00:09:100,	83,	18,	-424
338,	00:00:09:100,	80,	18,	-430
339,	00:00:09:100,	82,	12,	-430
340,	00:00:09:100,	74,	13,	-438
341,	00:00:09:100,	75,	16,	-441
342,	00:00:09:100,	70,	17,	-436
343,	00:00:09:100,	68,	14,	-439
344,	00:00:09:100,	63,	20,	-443
345,	00:00:09:100,	64,	16,	-458
346,	00:00:09:100,	66,	16,	-465
347,	00:00:09:101,	62,	17,	-459
348,	00:00:09:101,	54,	16,	-462
349,	00:00:09:101,	63,	26,	-468
350,	00:00:09:101,	60,	23,	-472
351,	00:00:09:101,	51,	27,	-482
352,	00:00:09:101,	45,	31,	-489
353,	00:00:09:101,	41,	36,	-490
354,	00:00:09:101,	33,	34,	-492
355,	00:00:09:101,	31,	36,	-488
356,	00:00:09:101,	31,	38,	-491
357,	00:00:09:101,	26,	36,	-493
358,	00:00:09:101,	19,	42,	-500
359,	00:00:09:101,	18,	47,	-505
360,	00:00:09:101,	8,	52,	-491
361,	00:00:09:101,	10,	54,	-506
362,	00:00:09:101,	2,	56,	-508
363,	00:00:09:103,	-1,	59,	-494
364,	00:00:09:103,	-8,	50,	-504
365,	00:00:09:103,	-9,	56,	-508
366,	00:00:09:103,	-18,	69,	-504
367,	00:00:09:103,	-17,	75,	-513
368,	00:00:09:103,	-17,	69,	-523
369,	00:00:09:103,	-13,	62,	-524
370,	00:00:09:103,	-11,	63,	-517
371,	00:00:09:103,	-12,	70,	-511
372,	00:00:09:103,	-18,	65,	-525
373,	00:00:09:103,	-11,	68,	-516
374,	00:00:09:103,	-14,	63,	-517
375,	00:00:09:103,	-8,	59,	-515
376,	00:00:09:103,	-12,	50,	-525
377,	00:00:09:103,	-4,	48,	-529
378,	00:00:09:103,	-2,	48,	-527
379,	00:00:09:117,	2,	49,	-518
380,	00:00:09:117,	3,	53,	-510
381,	00:00:09:117,	0,	50,	-512
382,	00:00:09:117,	2,	48,	-506
383,	00:00:09:117,	5,	51,	-511
384,	00:00:09:117,	7,	54,	-508
385,	00:00:09:117,	5,	59,	-509
386,	00:00:09:117,	6,	53,	-505
387,	00:00:09:117,	0,	66,	-517
388,	00:00:09:117,	-3,	59,	-515
389,	00:00:09:117,	0,	50,	-526
390,	00:00:09:117,	-5,	62,	-528
391,	00:00:09:117,	-16,	64,	-532
392,	00:00:09:117,	-12,	69,	-534
393,	00:00:09:117,	-13,	64,	-544
394,	00:00:09:117,	-1,	62,	-538
395,	00:00:10:003,	-15,	70,	-536
396,	00:00:10:003,	-8,	63,	-557
397,	00:00:10:003,	3,	54,	-551
398,	00:00:10:003,	-1,	57,	-550
399,	00:00:10:003,	-15,	62,	-558
400,	00:00:10:003,	-2,	59,	-554
401,	00:00:10:003,	-2,	54,	-551
402,	00:00:10:003,	-1,	51,	-553
403,	00:00:10:003,	3,	54,	-553
404,	00:00:10:003,	5,	57,	-551
405,	00:00:10:003,	11,	59,	-551
406,	00:00:10:003,	14,	57,	-554
407,	00:00:10:003,	19,	63,	-559
408,	00:00:10:003,	13,	67,	-552
409,	00:00:10:003,	11,	63,	-557
410,	00:00:10:003,	17,	69,	-553
411,	00:00:10:017,	20,	75,	-546
412,	00:00:10:017,	14,	64,	-552
413,	00:00:10:017,	17,	60,	-548
414,	00:00:10:017,	20,	68,	-549
415,	00:00:10:017,	20,	66,	-557
416,	00:00:10:017,	19,	64,	-566
417,	00:00:10:017,	13,	56,	-567
418,	00:00:10:017,	24,	68,	-570
419,	00:00:10:017,	27,	68,	-571
420,	00:00:10:017,	32,	59,	-566
421,	00:00:10:017,	32,	63,	-568
422,	00:00:10:018,	33,	64,	-564
423,	00:00:10:018,	37,	60,	-569
424,	00:00:10:018,	45,	58,	-577
425,	00:00:10:018,	41,	56,	-576
426,	00:00:10:018,	44,	53,	-575
427,	00:00:10:019,	51,	60,	-592
428,	00:00:10:019,	50,	56,	-594
429,	00:00:10:019,	53,	57,	-603
430,	00:00:10:019,	55,	60,	-608
431,	00:00:10:019,	65,	46,	-607
432,	00:00:10:019,	60,	34,	-615
433,	00:00:10:019,	63,	48,	-634
434,	00:00:10:019,	69,	40,	-642
435,	00:00:10:019,	75,	51,	-646
436,	00:00:10:019,	76,	54,	-661
437,	00:00:10:019,	86,	50,	-670
438,	00:00:10:019,	74,	60,	-689
439,	00:00:10:019,	81,	61,	-696
440,	00:00:10:019,	75,	69,	-712
441,	00:00:10:019,	85,	61,	-731
442,	00:00:10:019,	72,	84,	-734
443,	00:00:10:020,	68,	68,	-762
444,	00:00:10:020,	67,	71,	-766
445,	00:00:10:020,	65,	77,	-798
446,	00:00:10:021,	66,	82,	-805
447,	00:00:10:021,	67,	86,	-803
448,	00:00:10:021,	64,	98,	-824
449,	00:00:10:021,	55,	102,	-830
450,	00:00:10:021,	55,	113,	-858
451,	00:00:10:021,	52,	125,	-877
452,	00:00:10:021,	54,	125,	-888
453,	00:00:10:021,	47,	134,	-905
454,	00:00:10:021,	52,	124,	-914
455,	00:00:10:021,	53,	131,	-944
456,	00:00:10:021,	58,	137,	-956
457,	00:00:10:021,	54,	141,	-987
458,	00:00:10:021,	57,	146,	-1005
459,	00:00:10:022,	57,	155,	-1010
460,	00:00:10:022,	61,	159,	-1036
461,	00:00:10:023,	64,	163,	-1044
462,	00:00:10:023,	62,	164,	-1055
463,	00:00:10:023,	75,	174,	-1075
464,	00:00:10:023,	94,	166,	-1080
465,	00:00:10:023,	108,	171,	-1086
466,	00:00:10:023,	125,	178,	-1096
467,	00:00:10:023,	142,	182,	-1110
468,	00:00:10:023,	158,	187,	-1121
469,	00:00:10:023,	175,	190,	-1130
470,	00:00:10:023,	186,	188,	-1131
471,	00:00:10:023,	196,	190,	-1136
472,	00:00:10:023,	203,	190,	-1142
473,	00:00:10:023,	210,	197,	-1144
474,	00:00:10:024,	215,	199,	-1151
475,	00:00:10:024,	223,	200,	-1161
476,	00:00:10:024,	239,	214,	-1175
477,	00:00:10:024,	260,	224,	-1182
478,	00:00:10:024,	268,	233,	-1186
479,	00:00:10:024,	279,	240,	-1183
480,	00:00:10:024,	291,	244,	-1179
481,	00:00:10:024,	299,	237,	-1165
482,	00:00:10:024,	259,	253,	-1145
483,	00:00:10:024,	255,	269,	-1123
484,	00:00:10:024,	275,	272,	-1108
485,	00:00:10:024,	291,	287,	-1085
486,	00:00:10:024,	223,	277,	-1035
487,	00:00:10:025,	264,	275,	-983
488,	00:00:10:038,	315,	259,	-966
489,	00:00:10:038,	423,	271,	-935
490,	00:00:10:038,	512,	272,	-909
491,	00:00:10:038,	619,	282,	-871
492,	00:00:10:038,	724,	308,	-831
493,	00:00:10:039,	732,	282,	-756
494,	00:00:10:039,	588,	205,	-672
495,	00:00:10:039,	547,	167,	-529
496,	00:00:10:039,	489,	124,	-302
497,	00:00:10:039,	332,	117,	-124
498,	00:00:10:039,	82,	45,	-61
499,	00:00:10:039,	-1,	-10,	11
500,	00:00:10:039,	-35,	-40,	44
501,	00:00:10:039,	-87,	7,	53
502,	00:00:10:039,	-92,	19,	50
503,	00:00:10:039,	-73,	19,	54
504,	00:00:10:052,	-3,	22,	53
505,	00:00:10:052,	-33,	0,	38
506,	00:00:10:052,	-70,	-4,	41
507,	00:00:10:052,	-66,	-15,	43
508,	00:00:10:052,	-36,	-3,	35
509,	00:00:10:052,	-42,	-8,	25
510,	00:00:10:052,	-44,	-6,	33
511,	00:00:10:052,	-30,	8,	32
512,	00:00:10:052,	-28,	16,	32
513,	00:00:10:053,	-17,	7,	20
514,	00:00:10:053,	-18,	13,	20
515,	00:00:10:053,	-4,	12,	23
516,	00:00:10:053,	-2,	7,	24
517,	00:00:10:053,	-2,	14,	11
518,	00:00:10:053,	3,	15,	27
519,	00:00:10:053,	0,	16,	21
520,	00:00:10:053,	3,	15,	22
521,	00:00:10:067,	5,	17,	16
522,	00:00:10:067,	8,	17,	16
523,	00:00:10:067,	6,	22,	17
524,	00:00:10:067,	13,	17,	13
525,	00:00:10:067,	0,	16,	-2
526,	00:00:10:067,	9,	14,	11
527,	00:00:10:067,	12,	19,	2
528,	00:00:10:067,	16,	18,	2
529,	00:00:10:067,	19,	21,	6
530,	00:00:10:067,	19,	19,	3
531,	00:00:10:067,	23,	15,	4
532,	00:00:10:067,	26,	16,	1
533,	00:00:10:067,	30,	14,	0
534,	00:00:10:067,	31,	20,	-1
535,	00:00:10:067,	40,	20,	3
536,	00:00:10:067,	35,	18,	-16
537,	00:00:10:067,	34,	18,	-9
538,	00:00:10:069,	41,	21,	6
539,	00:00:10:069,	56,	18,	-3
540,	00:00:10:069,	57,	17,	-2
541,	00:00:10:069,	60,	20,	-6
542,	00:00:10:069,	55,	22,	2
543,	00:00:10:069,	47,	22,	3
544,	00:00:10:069,	51,	15,	10
545,	00:00:10:069,	41,	11,	4
546,	00:00:10:069,	35,	9,	3
547,	00:00:10:069,	31,	10,	6
548,	00:00:10:069,	31,	7,	7
549,	00:00:10:069,	27,	8,	14
550,	00:00:10:069,	28,	13,	9
551,	00:00:10:069,	24,	17,	2
552,	00:00:10:069,	26,	15,	13
553,	00:00:10:069,	28,	21,	18
554,	00:00:10:069,	36,	20,	14
555,	00:00:10:069,	20,	22,	5
556,	00:00:10:070,	33,	21,	7
557,	00:00:10:070,	21,	23,	19
558,	00:00:10:070,	28,	21,	12
559,	00:00:10:070,	24,	21,	-3
560,	00:00:10:070,	33,	18,	4
561,	00:00:10:070,	17,	29,	12
562,	00:00:10:070,	17,	18,	-10
563,	00:00:10:070,	18,	29,	0
564,	00:00:10:070,	7,	25,	1
565,	00:00:10:070,	13,	28,	0
566,	00:00:10:071,	14,	24,	8
567,	00:00:10:071,	14,	22,	-1
568,	00:00:10:071,	4,	26,	1
569,	00:00:10:071,	11,	30,	-4
570,	00:00:10:071,	12,	25,	-3
571,	00:00:10:071,	16,	29,	0
572,	00:00:10:071,	14,	29,	0
573,	00:00:10:072,	20,	24,	-2
574,	00:00:10:072,	17,	30,	-9
575,	00:00:10:072,	21,	29,	1
576,	00:00:10:072,	18,	27,	5
577,	00:00:10:072,	25,	33,	-3
578,	00:00:10:072,	20,	29,	-6
579,	00:00:10:072,	20,	25,	-2
580,	00:00:10:072,	13,	32,	3
581,	00:00:10:072,	22,	38,	2
582,	00:00:10:072,	21,	29,	-3
583,	00:00:10:072,	24,	25,	0
584,	00:00:10:072,	27,	37,	-16
585,	00:00:10:072,	27,	33,	-1
586,	00:00:10:072,	27,	30,	-2
587,	00:00:10:072,	22,	34,	-8
588,	00:00:10:072,	21,	38,	-5
589,	00:00:10:072,	13,	26,	-10
590,	00:00:10:074,	24,	31,	-2
591,	00:00:10:074,	24,	34,	-7
592,	00:00:10:074,	21,	30,	-19
593,	00:00:10:074,	27,	29,	-3
594,	00:00:10:074,	22,	28,	-4
595,	00:00:10:074,	26,	28,	-11
596,	00:00:10:074,	19,	32,	-10
597,	00:00:10:074,	22,	34,	12
598,	00:00:10:074,	16,	31,	1
599,	00:00:10:074,	17,	30,	-4
0,	00:00:10:102,	17,	29,	-15
1,	00:00:10:103,	16,	38,	-9
2,	00:00:10:103,	16,	33,	7
3,	00:00:10:103,	13,	21,	0
4,	00:00:10:103,	12,	24,	-2
5,	00:00:10:103,	8,	20,	-7
6,	00:00:10:103,	17,	25,	-8
7,	00:00:10:103,	17,	27,	-20
8,	00:00:10:117,	163,	-69,	-157
9,	00:00:10:117,	167,	-86,	-150
10,	00:00:10:117,	172,	-97,	-148
11,	00:00:10:117,	171,	-92,	-143
12,	00:00:10:117,	169,	-92,	-147
13,	00:00:10:118,	169,	-101,	-159
14,	00:00:10:118,	167,	-97,	-146
15,	00:00:10:118,	177,	-96,	-156
16,	00:00:10:118,	19,	18,	-7
17,	00:00:10:118,	17,	19,	-9
18,	00:00:10:118,	14,	23,	-20
19,	00:00:10:118,	19,	23,	-17
20,	00:00:10:118,	21,	17,	-10
21,	00:00:10:118,	16,	18,	-13
22,	00:00:10:118,	15,	22,	-16
23,	00:00:10:118,	15,	14,	-12
24,	00:00:10:119,	11,	15,	-10
25,	00:00:10:119,	11,	17,	-10
26,	00:00:10:119,	10,	18,	-12
27,	00:00:10:119,	13,	17,	-14
28,	00:00:10:119,	16,	19,	-9
29,	00:00:10:119,	11,	17,	-13
30,	00:00:10:119,	11,	15,	-18
31,	00:00:10:119,	11,	13,	-17
32,	00:00:10:119,	16,	14,	-13
33,	00:00:10:119,	13,	11,	-13
34,	00:00:10:119,	15,	12,	-14
35,	00:00:10:119,	17,	14,	-20
36,	00:00:10:119,	15,	10,	-17
37,	00:00:10:119,	12,	12,	-16
38,	00:00:10:119,	10,	9,	-11
39,	00:00:10:119,	8,	13,	-15
40,	00:00:10:120,	11,	9,	-16
41,	00:00:10:121,	13,	12,	-19
42,	00:00:10:121,	8,	9,	-17
43,	00:00:10:121,	10,	19,	-18
44,	00:00:10:121,	7,	9,	-14
45,	00:00:10:121,	5,	14,	-18
46,	00:00:10:121,	16,	5,	-20
47,	00:00:10:121,	5,	9,	-23
48,	00:00:10:121,	8,	8,	-19
49,	00:00:10:121,	5,	6,	-20
50,	00:00:10:121,	16,	7,	-18
51,	00:00:10:121,	12,	8,	-14
52,	00:00:10:121,	10,	7,	-24
53,	00:00:10:121,	8,	5,	-20
54,	00:00:10:121,	12,	4,	-8
55,	00:00:10:121,	10,	1,	-6
56,	00:00:10:121,	9,	2,	-13
57,	00:00:10:121,	14,	5,	-14
58,	00:00:10:121,	22,	3,	-14
59,	00:00:10:122,	15,	4,	-10
60,	00:00:10:122,	12,	0,	-12
61,	00:00:10:122,	15,	2,	-24
62,	00:00:10:122,	8,	1,	-12
63,	00:00:10:122,	16,	-2,	-14
64,	00:00:10:123,	7,	6,	-9
65,	00:00:10:123,	12,	2,	-14
66,	00:00:10:123,	9,	4,	-18
67,	00:00:10:123,	6,	-3,	-20
68,	00:00:10:123,	3,	-2,	-18
69,	00:00:10:123,	9,	2,	-18
70,	00:00:10:123,	11,	0,	-19
71,	00:00:10:123,	9,	3,	-24
72,	00:00:10:123,	7,	-2,	-11
73,	00:00:10:123,	8,	-3,	-13
74,	00:00:10:123,	15,	2,	-12
75,	00:00:10:123,	6,	-1,	-9
76,	00:00:10:123,	4,	-3,	-9
77,	00:00:10:124,	9,	2,	-7
78,	00:00:10:124,	12,	2,	-13
79,	00:00:10:124,	7,	1,	-9
80,	00:00:10:124,	7,	-1,	-7
81,	00:00:10:125,	11,	-1,	-9
82,	00:00:10:125,	15,	0,	-10
83,	00:00:10:125,	9,	-1,	-15
84,	00:00:10:125,	8,	0,	-3
85,	00:00:10:125,	6,	4,	-1
86,	00:00:10:125,	9,	-4,	-10
87,	00:00:10:125,	8,	0,	-7
88,	00:00:10:125,	11,	3,	-14
89,	00:00:10:125,	5,	0,	-12
90,	00:00:10:125,	13,	5,	2
91,	00:00:10:125,	3,	3,	-12
92,	00:00:10:125,	8,	1,	-8
93,	00:00:10:125,	12,	-2,	-16
94,	00:00:10:125,	9,	-6,	1
95,	00:00:10:125,	7,	-6,	-5
96,	00:00:10:126,	14,	-2,	-5
97,	00:00:10:126,	4,	2,	-14
98,	00:00:10:126,	9,	-11,	1
99,	00:00:10:126,	7,	-3,	-11
100,	00:00:10:126,	8,	1,	-3
101,	00:00:10:126,	9,	-3,	-7
102,	00:00:10:126,	12,	-5,	-5
103,	00:00:10:126,	12,	-8,	-5
104,	00:00:10:126,	-2,	2,	-11
105,	00:00:10:126,	14,	-5,	-7
106,	00:00:10:126,	10,	0,	-9
107,	00:00:10:126,	16,	-5,	-12
108,	00:00:10:126,	7,	-8,	-4
109,	00:00:10:127,	11,	-6,	-8
110,	00:00:10:127,	9,	-1,	-5
111,	00:00:10:127,	7,	2,	-14
112,	00:00:10:127,	5,	0,	-16
113,	00:00:11:000,	7,	2,	-8
114,	00:00:11:000,	13,	-2,	-15
115,	00:00:11:000,	8,	0,	-9
116,	00:00:11:000,	8,	-2,	-6
117,	00:00:11:000,	7,	-1,	-7
118,	00:00:11:000,	9,	-6,	-8
119,	00:00:11:000,	12,	-3,	-7
120,	00:00:11:000,	12,	-2,	-6
121,	00:00:11:000,	13,	2,	1
122,	00:00:11:000,	8,	1,	-12
123,	00:00:11:000,	6,	-2,	-4
124,	00:00:11:000,	10,	-7,	-2
125,	00:00:11:000,	5,	-1,	0
126,	00:00:11:000,	5,	-6,	0
127,	00:00:11:000,	-2,	-8,	-19
128,	00:00:11:000,	3,	-5,	1
129,	00:00:11:000,	7,	-4,	-5
130,	00:00:11:000,	3,	3,	-9
131,	00:00:11:014,	7,	-2,	1
132,	00:00:11:014,	2,	-4,	-2
133,	00:00:11:014,	8,	-2,	-1
134,	00:00:11:014,	8,	-1,	-5
135,	00:00:11:014,	4,	-7,	-15
136,	00:00:11:014,	6,	-1,	-5
137,	00:00:11:014,	9,	5,	-1
138,	00:00:11:014,	4,	0,	-15
139,	00:00:11:014,	2,	-4,	-4
140,	00:00:11:014,	5,	-9,	-2
141,	00:00:11:015,	2,	-3,	-2
142,	00:00:11:015,	-3,	-8,	-3
143,	00:00:11:015,	8,	-6,	-5
144,	00:00:11:015,	6,	-2,	-7
145,	00:00:11:015,	-5,	2,	-1
146,	00:00:11:015,	-2,	-9,	-5
147,	00:00:11:015,	-2,	-10,	-12
148,	00:00:11:028,	-6,	-10,	-6
149,	00:00:11:028,	2,	-7,	-7
150,	00:00:11:028,	-6,	-5,	-13
151,	00:00:11:028,	8,	-7,	-17
152,	00:00:11:028,	5,	-4,	-8
153,	00:00:11:028,	-4,	-14,	-1
154,	00:00:11:028,	-1,	-14,	-8
155,	00:00:11:028,	-6,	-4,	-15
156,	00:00:11:028,	0,	-5,	-17
157,	00:00:11:028,	0,	-5,	-15
158,	00:00:11:028,	0,	-14,	-11
159,	00:00:11:028,	4,	-11,	-11
160,	00:00:11:028,	6,	-7,	-14
161,	00:00:11:028,	3,	-11,	-14
162,	00:00:11:028,	1,	-4,	-19
163,	00:00:11:028,	9,	-13,	-20
164,	00:00:11:028,	3,	-8,	-11
165,	00:00:11:043,	79,	60,	-185
166,	00:00:11:043,	67,	53,	-133
167,	00:00:11:043,	-6,	55,	-148
168,	00:00:11:043,	-145,	-35,	-253
169,	00:00:11:043,	-163,	-77,	-368
170,	00:00:11:043,	-37,	-49,	-388
171,	00:00:11:043,	14,	-2,	-21
172,	00:00:11:043,	14,	-1,	-26
173,	00:00:11:043,	15,	0,	-19
174,	00:00:11:043,	16,	0,	-26
175,	00:00:11:043,	19,	-3,	-26
176,	00:00:11:043,	21,	0,	-27
177,	00:00:11:043,	21,	4,	-26
178,	00:00:11:043,	21,	3,	-26
179,	00:00:11:043,	22,	3,	-29
180,	00:00:11:043,	29,	5,	-30
181,	00:00:11:044,	24,	11,	-31
182,	00:00:11:044,	28,	11,	-24
183,	00:00:11:044,	33,	16,	-29
184,	00:00:11:044,	30,	11,	-32
185,	00:00:11:044,	25,	6,	-30
186,	00:00:11:044,	28,	8,	-29
187,	00:00:11:044,	31,	9,	-23
188,	00:00:11:044,	30,	8,	-24
189,	00:00:11:044,	30,	10,	-32
190,	00:00:11:044,	35,	13,	-26
191,	00:00:11:045,	37,	9,	-22
192,	00:00:11:045,	32,	10,	-28
193,	00:00:11:045,	35,	8,	-25
194,	00:00:11:045,	35,	10,	-22
195,	00:00:11:045,	35,	13,	-31
196,	00:00:11:045,	38,	18,	-30
197,	00:00:11:045,	35,	17,	-28
198,	00:00:11:046,	28,	18,	-28
199,	00:00:11:046,	31,	21,	-31
200,	00:00:11:046,	32,	19,	-31
201,	00:00:11:046,	30,	20,	-35
202,	00:00:11:046,	29,	17,	-36
203,	00:00:11:046,	29,	21,	-40
204,	00:00:11:046,	19,	24,	-38
205,	00:00:11:046,	16,	27,	-45
206,	00:00:11:046,	18,	23,	-34
207,	00:00:11:046,	25,	30,	-34
208,	00:00:11:046,	21,	28,	-38
209,	00:00:11:046,	18,	34,	-33
210,	00:00:11:046,	24,	36,	-38
211,	00:00:11:046,	15,	36,	-37
212,	00:00:11:046,	18,	41,	-43
213,	00:00:11:046,	26,	39,	-42
214,	00:00:11:046,	13,	50,	-47
215,	00:00:11:048,	15,	45,	-46
216,	00:00:11:048,	14,	49,	-48
217,	00:00:11:048,	17,	50,	-41
218,	00:00:11:048,	13,	56,	-54
219,	00:00:11:048,	11,	59,	-57
220,	00:00:11:048,	16,	48,	-66
221,	00:00:11:048,	16,	54,	-57
222,	00:00:11:048,	11,	56,	-54
223,	00:00:11:048,	18,	46,	-45
224,	00:00:11:048,	11,	56,	-58
225,	00:00:11:048,	17,	51,	-73
226,	00:00:11:048,	16,	56,	-51
227,	00:00:11:048,	15,	63,	-64
228,	00:00:11:048,	22,	57,	-66
229,	00:00:11:048,	22,	58,	-61
230,	00:00:11:048,	12,	55,	-80
231,	00:00:11:050,	8,	58,	-75
232,	00:00:11:050,	10,	53,	-71
233,	00:00:11:050,	16,	55,	-84
234,	00:00:11:050,	10,	46,	-87
235,	00:00:11:050,	13,	56,	-87
236,	00:00:11:050,	6,	56,	-84
237,	00:00:11:050,	9,	43,	-92
238,	00:00:11:050,	5,	46,	-101
239,	00:00:11:050,	10,	53,	-97
240,	00:00:11:050,	5,	58,	-101
241,	00:00:11:050,	1,	54,	-103
242,	00:00:11:050,	-1,	54,	-100
243,	00:00:11:050,	-6,	51,	-98
244,	00:00:11:050,	-6,	50,	-107
245,	00:00:11:050,	3,	54,	-92
246,	00:00:11:050,	-7,	51,	-100
247,	00:00:11:050,	-2,	52,	-111
248,	00:00:11:064,	-11,	51,	-108
249,	00:00:11:064,	-14,	44,	-100
250,	00:00:11:064,	-18,	52,	-106
251,	00:00:11:064,	-12,	46,	-96
252,	00:00:11:064,	-23,	42,	-104
253,	00:00:11:064,	-15,	41,	-94
254,	00:00:11:064,	-25,	38,	-107
255,	00:00:11:064,	-25,	39,	-110
256,	00:00:11:064,	-34,	34,	-101
257,	00:00:11:064,	-31,	27,	-104
258,	00:00:11:064,	-39,	34,	-110
259,	00:00:11:064,	-31,	26,	-110
260,	00:00:11:064,	-31,	35,	-107
261,	00:00:11:064,	-42,	21,	-99
262,	00:00:11:064,	-46,	19,	-106
263,	00:00:11:077,	0,	-12,	-240
264,	00:00:11:078,	-45,	17,	-107
265,	00:00:11:078,	-45,	16,	-95
266,	00:00:11:078,	-49,	20,	-97
267,	00:00:11:078,	-42,	5,	-99
268,	00:00:11:078,	-43,	15,	-106
269,	00:00:11:078,	-49,	10,	-102
270,	00:00:11:078,	-49,	4,	-101
271,	00:00:11:078,	-41,	10,	-107
272,	00:00:11:078,	-40,	4,	-101
273,	00:00:11:078,	-32,	-8,	-101
274,	00:00:11:078,	-33,	-3,	-98
275,	00:00:11:078,	-32,	-1,	-111
276,	00:00:11:078,	-36,	15,	-113
277,	00:00:11:078,	-37,	3,	-118
278,	00:00:11:078,	-40,	5,	-121
279,	00:00:11:092,	74,	-68,	-267
280,	00:00:11:092,	77,	-67,	-260
281,	00:00:11:092,	69,	-63,	-258
282,	00:00:11:092,	64,	-56,	-263
283,	00:00:11:092,	57,	-59,	-254
284,	00:00:11:092,	54,	-53,	-270
285,	00:00:11:092,	50,	-57,	-272
286,	00:00:11:092,	37,	-50,	-258
287,	00:00:11:092,	17,	-50,	-261
288,	00:00:11:092,	-1,	-62,	-247
289,	00:00:11:093,	12,	-42,	-247
290,	00:00:11:093,	7,	-47,	-240
291,	00:00:11:093,	2,	-45,	-229
292,	00:00:11:093,	-6,	-39,	-225
293,	00:00:11:093,	-11,	-33,	-212
294,	00:00:11:093,	-9,	-28,	-214
295,	00:00:11:094,	-15,	-39,	-201
296,	00:00:11:094,	1,	-32,	-201
297,	00:00:11:094,	-10,	-40,	-207
298,	00:00:11:094,	1,	-39,	-209
299,	00:00:11:094,	5,	-42,	-203
300,	00:00:12:056,	1,	-47,	-202
301,	00:00:12:057,	-10,	-56,	-220
302,	00:00:12:057,	-24,	-52,	-216
303,	00:00:12:057,	-20,	-67,	-226
304,	00:00:12:057,	-24,	-61,	-233
305,	00:00:12:057,	-37,	-69,	-239
306,	00:00:12:057,	-54,	-60,	-227
307,	00:00:12:057,	-32,	-48,	-236
308,	00:00:12:057,	-38,	-60,	-230
309,	00:00:12:057,	-34,	-62,	-206
310,	00:00:12:058,	-37,	-58,	-192
311,	00:00:12:059,	-41,	-53,	-177
312,	00:00:12:059,	-51,	-58,	-170
313,	00:00:12:059,	-50,	-71,	-173
314,	00:00:12:059,	-45,	-80,	-198
315,	00:00:12:059,	-49,	-82,	-192
316,	00:00:12:059,	-52,	-91,	-202
317,	00:00:12:059,	-60,	-85,	-193
318,	00:00:12:059,	-58,	-103,	-200
319,	00:00:12:059,	-65,	-100,	-199
320,	00:00:12:059,	-61,	-100,	-202
321,	00:00:12:059,	-57,	-109,	-189
322,	00:00:12:059,	-59,	-114,	-192
323,	00:00:12:059,	-49,	-105,	-207
324,	00:00:12:059,	-48,	-112,	-199
325,	00:00:12:060,	-46,	-104,	-199
326,	00:00:12:060,	-32,	-103,	-192
327,	00:00:12:060,	-18,	-91,	-205
328,	00:00:12:060,	-37,	-91,	-220
329,	00:00:12:060,	-31,	-83,	-219
330,	00:00:12:060,	-24,	-91,	-209
331,	00:00:12:060,	-20,	-97,	-208
332,	00:00:12:060,	-25,	-94,	-212
333,	00:00:12:060,	-23,	-98,	-206
334,	00:00:12:060,	-33,	-100,	-214
335,	00:00:12:060,	-35,	-97,	-217
336,	00:00:12:060,	-38,	-100,	-209
337,	00:00:12:060,	-37,	-102,	-203
338,	00:00:12:061,	-39,	-106,	-205
339,	00:00:12:061,	-44,	-109,	-198
340,	00:00:12:062,	-45,	-105,	-200
341,	00:00:12:062,	-39,	-109,	-202
342,	00:00:12:062,	-38,	-109,	-203
343,	00:00:12:062,	-37,	-109,	-211
344,	00:00:12:062,	-39,	-116,	-206
345,	00:00:12:062,	-41,	-113,	-217
346,	00:00:12:062,	-41,	-111,	-219
347,	00:00:12:062,	-37,	-111,	-214
348,	00:00:12:062,	-45,	-106,	-216
349,	00:00:12:062,	-53,	-124,	-208
350,	00:00:12:062,	-54,	-116,	-212
351,	00:00:12:062,	-60,	-112,	-219
352,	00:00:12:062,	-63,	-121,	-217
353,	00:00:12:062,	-61,	-112,	-218
354,	00:00:12:076,	-61,	-108,	-223
355,	00:00:12:076,	-59,	-117,	-221
356,	00:00:12:076,	-66,	-108,	-222
357,	00:00:12:076,	-68,	-110,	-221
358,	00:00:12:076,	-60,	-111,	-215
359,	00:00:12:076,	-62,	-113,	-217
360,	00:00:12:076,	-58,	-112,	-222
361,	00:00:12:076,	-61,	-109,	-225
362,	00:00:12:076,	-66,	-110,	-226
363,	00:00:12:076,	-68,	-112,	-227
364,	00:00:12:076,	-65,	-113,	-224
365,	00:00:12:076,	-60,	-114,	-223
366,	00:00:12:076,	-57,	-112,	-216
367,	00:00:12:076,	-55,	-109,	-215
368,	00:00:12:076,	-57,	-107,	-216
369,	00:00:12:089,	-59,	-104,	-217
370,	00:00:12:090,	-48,	-102,	-211
371,	00:00:12:090,	-45,	-106,	-213
372,	00:00:12:090,	-47,	-103,	-214
373,	00:00:12:090,	-49,	-109,	-212
374,	00:00:12:090,	-42,	-106,	-214
375,	00:00:12:090,	-48,	-107,	-210
376,	00:00:12:090,	-54,	-113,	-208
377,	00:00:12:090,	-68,	-119,	-203
378,	00:00:12:090,	-76,	-123,	-200
379,	00:00:12:090,	-86,	-131,	-197
380,	00:00:12:090,	-91,	-148,	-200
381,	00:00:12:090,	-91,	-150,	-198
382,	00:00:12:090,	-80,	-152,	-193
383,	00:00:12:090,	-78,	-155,	-192
384,	00:00:12:104,	-78,	-158,	-186
385,	00:00:12:104,	-71,	-160,	-180
386,	00:00:12:104,	-63,	-160,	-170
387,	00:00:12:104,	-61,	-157,	-157
388,	00:00:12:104,	-59,	-154,	-152
389,	00:00:12:104,	-43,	-144,	-139
390,	00:00:12:104,	-51,	-148,	-139
391,	00:00:12:104,	-43,	-149,	-140
392,	00:00:12:104,	-33,	-149,	-138
393,	00:00:12:104,	-33,	-155,	-139
394,	00:00:12:105,	-32,	-162,	-144
395,	00:00:12:105,	-38,	-173,	-148
396,	00:00:12:105,	-46,	-178,	-153
397,	00:00:12:105,	-42,	-183,	-154
398,	00:00:12:106,	-41,	-186,	-154
399,	00:00:12:106,	-37,	-188,	-159
400,	00:00:12:106,	-42,	-199,	-161
401,	00:00:12:106,	-32,	-205,	-158
402,	00:00:12:106,	-31,	-207,	-155
403,	00:00:12:106,	-44,	-209,	-154
404,	00:00:12:106,	-39,	-211,	-145
405,	00:00:12:106,	-48,	-215,	-151
406,	00:00:12:106,	-62,	-222,	-148
407,	00:00:12:107,	-57,	-228,	-138
408,	00:00:12:107,	-61,	-227,	-138
409,	00:00:12:107,	-58,	-230,	-135
410,	00:00:12:107,	-64,	-232,	-140
411,	00:00:12:107,	-62,	-232,	-140
412,	00:00:12:107,	-67,	-228,	-140
413,	00:00:12:108,	-61,	-223,	-130
414,	00:00:12:108,	-45,	-206,	-122
415,	00:00:12:108,	-29,	-187,	-120
416,	00:00:12:108,	-13,	-174,	-114
417,	00:00:12:108,	-2,	-158,	-108
418,	00:00:12:108,	0,	-155,	-109
419,	00:00:12:108,	7,	-156,	-107
420,	00:00:12:108,	23,	-157,	-103
421,	00:00:12:108,	14,	-167,	-119
422,	00:00:12:108,	9,	-177,	-123
423,	00:00:12:108,	5,	-193,	-130
424,	00:00:12:108,	-3,	-203,	-133
425,	00:00:12:108,	-9,	-220,	-134
426,	00:00:12:108,	-16,	-226,	-139
427,	00:00:12:108,	-17,	-234,	-139
428,	00:00:12:110,	-16,	-210,	-136
429,	00:00:12:110,	-10,	-177,	-139
430,	00:00:12:110,	2,	-150,	-142
431,	00:00:12:110,	1,	-150,	-138
432,	00:00:12:110,	-6,	-148,	-141
433,	00:00:12:110,	-13,	-122,	-137
434,	00:00:12:110,	-16,	-118,	-136
435,	00:00:12:110,	-19,	-142,	-143
436,	00:00:12:110,	-22,	-145,	-136
437,	00:00:12:110,	-26,	-138,	-139
438,	00:00:12:110,	-9,	-117,	-136
439,	00:00:12:110,	-4,	-110,	-140
440,	00:00:12:110,	-20,	-115,	-137
441,	00:00:12:110,	-9,	-99,	-135
442,	00:00:12:110,	-4,	-96,	-133
443,	00:00:12:111,	-10,	-106,	-132
444,	00:00:12:111,	-27,	-171,	-133
445,	00:00:12:111,	-47,	-265,	-130
446,	00:00:12:111,	-40,	-296,	-130
447,	00:00:12:111,	21,	-173,	-107
448,	00:00:12:111,	42,	-86,	-75
449,	00:00:12:111,	20,	-63,	-64
450,	00:00:12:112,	2,	-68,	-52
451,	00:00:12:112,	-2,	-66,	-41
452,	00:00:12:112,	-29,	-38,	-54
453,	00:00:12:112,	-29,	-28,	-43
454,	00:00:12:112,	-26,	-35,	-34
455,	00:00:12:112,	-3,	-44,	-29
456,	00:00:12:112,	21,	-65,	-19
457,	00:00:12:112,	48,	-68,	7
458,	00:00:12:126,	89,	-73,	21
459,	00:00:12:126,	100,	-94,	17
460,	00:00:12:126,	109,	-96,	23
461,	00:00:12:126,	93,	-86,	12
462,	00:00:12:126,	98,	-78,	19
463,	00:00:12:126,	85,	-90,	1
464,	00:00:12:126,	72,	-100,	-5
465,	00:00:12:126,	76,	-80,	15
466,	00:00:12:126,	70,	-106,	15
467,	00:00:12:126,	60,	-103,	4
468,	00:00:12:126,	46,	-122,	-9
469,	00:00:12:126,	28,	-77,	-10
470,	00:00:12:126,	26,	-68,	-8
471,	00:00:12:126,	53,	-173,	-18
472,	00:00:12:126,	53,	-98,	-12
473,	00:00:12:126,	40,	-60,	1
474,	00:00:12:126,	54,	-79,	11
475,	00:00:13:012,	43,	-64,	-16
476,	00:00:13:012,	26,	-52,	-19
477,	00:00:13:012,	45,	-78,	-23
478,	00:00:13:012,	55,	-78,	-10
479,	00:00:13:012,	48,	-81,	-6
480,	00:00:13:012,	53,	-81,	-7
481,	00:00:13:012,	64,	-95,	-13
482,	00:00:13:012,	48,	-71,	-24
483,	00:00:13:012,	50,	-81,	-25
484,	00:00:13:012,	68,	-94,	-52
485,	00:00:13:012,	35,	-170,	-91
486,	00:00:13:012,	26,	-301,	-75
487,	00:00:13:012,	34,	-523,	-150
488,	00:00:13:012,	-13,	-597,	-224
489,	00:00:13:012,	-46,	-508,	-157
490,	00:00:13:026,	-78,	-596,	-185
491,	00:00:13:026,	-80,	-702,	-250
492,	00:00:13:027,	-79,	-717,	-251
493,	00:00:13:027,	-100,	-684,	-238
494,	00:00:13:027,	-98,	-533,	-214
495,	00:00:13:027,	-65,	-418,	-159
496,	00:00:13:027,	-45,	-271,	-119
497,	00:00:13:027,	-12,	-203,	-94
498,	00:00:13:027,	-6,	-187,	-80
499,	00:00:13:027,	28,	-210,	-62
500,	00:00:13:027,	26,	-63,	-80
501,	00:00:13:027,	53,	-171,	9
502,	00:00:13:027,	77,	-395,	52
503,	00:00:13:027,	105,	-169,	45
504,	00:00:13:027,	47,	-132,	66
505,	00:00:13:027,	83,	-254,	-2
506,	00:00:13:028,	123,	-552,	-133
507,	00:00:13:028,	121,	-845,	-238
508,	00:00:13:028,	41,	-999,	-325
509,	00:00:13:028,	-53,	-877,	-299
510,	00:00:13:028,	-66,	-621,	-217
511,	00:00:13:028,	-44,	-426,	-155
512,	00:00:13:028,	-36,	-324,	-123
513,	00:00:13:028,	-17,	-279,	-111
514,	00:00:13:028,	18,	-304,	-111
515,	00:00:13:028,	61,	-346,	-104
516,	00:00:13:028,	101,	-382,	-98
517,	00:00:13:028,	105,	-386,	-91
518,	00:00:13:029,	79,	-363,	-85
519,	00:00:13:029,	29,	-324,	-67
520,	00:00:13:029,	2,	-290,	-52
521,	00:00:13:030,	-8,	-260,	-35
522,	00:00:13:030,	-26,	-230,	-27
523,	00:00:13:030,	-36,	-207,	-13
524,	00:00:13:030,	-45,	-189,	3
525,	00:00:13:030,	-50,	-167,	12
526,	00:00:13:030,	-26,	-151,	-2
527,	00:00:13:030,	-23,	-129,	-5
528,	00:00:13:030,	-60,	-100,	8
529,	00:00:13:030,	-84,	-91,	21
530,	00:00:13:030,	-88,	-94,	22
531,	00:00:13:030,	-86,	-97,	22
532,	00:00:13:030,	-77,	-80,	15
533,	00:00:13:031,	-76,	-78,	8
534,	00:00:13:031,	-71,	-85,	17
535,	00:00:13:031,	-127,	-76,	-7
536,	00:00:13:032,	-125,	-78,	-10
537,	00:00:13:032,	-136,	-86,	-19
538,	00:00:13:032,	-114,	-103,	-10
539,	00:00:13:032,	-91,	-115,	-21
540,	00:00:13:032,	-88,	-110,	-16
541,	00:00:13:032,	-70,	-111,	-16
542,	00:00:13:032,	-81,	-106,	-4
543,	00:00:13:032,	-80,	-111,	-4
544,	00:00:13:032,	-64,	-109,	-13
545,	00:00:13:032,	-56,	-126,	-25
546,	00:00:13:032,	-58,	-126,	-33
547,	00:00:13:032,	-60,	-121,	-24
548,	00:00:13:032,	-58,	-128,	-29
549,	00:00:13:032,	-51,	-144,	-20
550,	00:00:13:032,	-19,	-148,	13
551,	00:00:13:033,	33,	-159,	50
552,	00:00:13:033,	86,	-158,	76
553,	00:00:13:033,	107,	-137,	105
554,	00:00:13:033,	82,	-113,	86
555,	00:00:13:034,	28,	-99,	35
556,	00:00:13:034,	-71,	-105,	-3
557,	00:00:13:034,	-253,	-153,	-42
558,	00:00:13:034,	-334,	-169,	-65
559,	00:00:13:034,	-312,	-144,	-67
560,	00:00:13:034,	-248,	-101,	-59
561,	00:00:13:034,	-192,	-64,	-43
562,	00:00:13:034,	-196,	-29,	-31
563,	00:00:13:034,	-470,	4,	-11
564,	00:00:13:034,	-804,	75,	-33
565,	00:00:13:034,	-1614,	321,	-26
566,	00:00:13:034,	-1694,	610,	108
567,	00:00:13:048,	-1165,	909,	590
568,	00:00:13:048,	-736,	1029,	775
569,	00:00:13:048,	-377,	966,	708
570,	00:00:13:048,	-45,	800,	594
571,	00:00:13:048,	137,	595,	492
572,	00:00:13:048,	119,	355,	389
573,	00:00:13:048,	13,	138,	306
574,	00:00:13:048,	-92,	-44,	230
575,	00:00:13:048,	-149,	-174,	157
576,	00:00:13:048,	-166,	-266,	96
577,	00:00:13:048,	-165,	-284,	62
578,	00:00:13:048,	-149,	-261,	51
579,	00:00:13:048,	-117,	-206,	56
580,	00:00:13:048,	-89,	-135,	66
581,	00:00:13:048,	-69,	-62,	76
582,	00:00:13:061,	-72,	-3,	90
583,	00:00:13:061,	-96,	42,	104
584,	00:00:13:061,	-131,	71,	116
585,	00:00:13:061,	-162,	89,	125
586,	00:00:13:061,	-193,	104,	127
587,	00:00:13:061,	-209,	107,	124
588,	00:00:13:062,	-222,	99,	117
589,	00:00:13:062,	-222,	71,	111
590,	00:00:13:062,	-226,	32,	98
591,	00:00:13:062,	-226,	-8,	80
592,	00:00:13:062,	-217,	-39,	65
593,	00:00:13:062,	-206,	-70,	47
594,	00:00:13:062,	-190,	-74,	38
595,	00:00:13:062,	-182,	-66,	55
596,	00:00:13:062,	-187,	-53,	90
597,	00:00:13:062,	-181,	-39,	130
598,	00:00:13:076,	-200,	-15,	157
599,	00:00:13:076,	-207,	1,	172
